
HORA INICIO DE MEDICION:  Mon Oct 17 11:04:41 2022

HORA FIN DE MEDICION: Mon Oct 17 11:09:41 2022
 

Parametros del experimento: 
Nº Usuarios: 5; Tpo. Reflex (seg): 1.100000; IP servidor: 192.168.203.238; Transitorio (seg): 60; Medicion (seg): 300 
N. usu.; N. pet.; Tpo Reflex(Seg); Tpo. Ini.(mseg); Tpo. Fin(mseg)
0;0;0.412911;60470.996094;60613.910156
0;1;0.196365;61057.750000;61208.742188
0;2;0.146429;61410.832031;61488.968750
0;3;0.263933;61648.863281;61753.617188
0;4;0.084542;62034.296875;62139.925781
0;5;0.351017;62247.371094;62300.460938
0;6;1.493910;62669.078125;62811.843750
0;7;1.124854;64330.835938;64404.207031
0;8;0.004070;65563.343750;65697.765625
0;9;0.425541;65746.843750;65872.195313
0;10;2.830004;66330.148438;66411.335938
0;11;1.079058;69257.765625;69361.367188
0;12;4.015841;70447.296875;70553.500000
0;13;0.139319;74584.164063;74687.617188
0;14;3.404890;74834.164063;74947.484375
0;15;0.999709;78365.976563;78516.460938
0;16;1.996646;79559.054688;79648.671875
0;17;0.343973;81651.132813;81753.281250
0;18;0.068348;82131.843750;82230.953125
0;19;0.397240;82303.671875;82398.539063
0;20;0.991906;82847.039063;82997.335938
0;21;0.858117;83991.398438;84092.882813
0;22;0.115050;84965.625000;85116.492188
0;23;0.166125;85270.796875;85421.750000
0;24;1.100210;85624.632813;85726.984375
0;25;0.862446;86847.156250;87018.843750
0;26;0.667791;87910.007813;88061.382813
0;27;2.184368;88756.070313;88816.546875
0;28;0.711525;91009.312500;91127.015625
0;29;1.970566;91898.437500;91998.351563
0;30;0.870046;93977.882813;94076.617188
0;31;0.602496;94976.937500;95077.601563
0;32;0.176087;95697.515625;95874.757813
0;33;0.278020;96060.453125;96197.492188
0;34;1.815507;96497.125000;96700.632813
0;35;0.567697;98566.906250;98711.757813
0;36;1.419707;99311.117188;99397.492188
0;37;0.706281;100821.312500;100976.179688
0;38;0.714735;101737.398438;101836.976563
0;39;0.038465;102558.929688;102696.437500
0;40;0.240334;102756.351563;102852.695313
0;41;0.119906;103112.343750;103216.171875
0;42;0.047892;103363.218750;103417.070313
0;43;0.285001;103509.031250;103617.226563
0;44;0.253528;103926.343750;104033.882813
0;45;0.838301;104290.437500;104439.820313
0;46;1.249340;105291.562500;105368.648438
0;47;1.101580;106660.023438;106802.515625
0;48;1.656989;107926.804688;108087.414063
0;49;0.369556;109744.179688;109848.335938
0;50;0.845446;110243.328125;110349.671875
0;51;0.185066;111206.093750;111353.648438
0;52;1.067125;111556.804688;111646.335938
0;53;0.656635;112761.093750;112866.000000
0;54;0.255897;113528.070313;113672.562500
0;55;2.911693;113949.250000;114049.656250
0;56;0.111218;116980.976563;117111.023438
0;57;0.170271;117238.898438;117395.656250
0;58;0.281830;117587.273438;117690.281250
0;59;0.240626;117980.851563;118104.234375
0;60;0.671617;118384.976563;118489.070313
0;61;0.218253;119181.718750;119315.468750
0;62;3.049814;119570.921875;119696.273438
0;63;0.074366;122749.835938;122831.937500
0;64;0.637652;122920.375000;123067.796875
0;65;1.196687;123749.445313;123830.851563
0;66;0.976792;125047.414063;125152.453125
0;67;1.069785;126152.757813;126256.710938
0;68;1.826403;127340.656250;127488.585938
0;69;1.438290;129339.906250;129438.593750
0;70;4.066091;130902.585938;131000.445313
0;71;0.487924;135112.812500;135166.687500
0;72;3.273600;135699.015625;135801.546875
0;73;0.187134;139090.000000;139197.593750
0;74;0.753801;139399.078125;139497.218750
0;75;0.541355;140283.578125;140386.078125
0;76;0.096974;140954.109375;141108.000000
0;77;0.059347;141244.218750;141364.187500
0;78;3.375614;141435.781250;141595.546875
0;79;0.600756;144983.093750;145136.453125
0;80;0.314941;145755.828125;145900.171875
0;81;0.477355;146257.953125;146414.000000
0;82;3.224045;146935.531250;146998.062500
0;83;3.339382;150270.843750;150414.203125
0;84;0.922202;153774.703125;153932.296875
0;85;0.441121;154867.031250;155012.296875
0;86;0.244938;155498.968750;155564.296875
0;87;1.181841;155832.296875;155932.640625
0;88;3.641483;157150.750000;157252.218750
0;89;2.160181;160911.281250;161015.531250
0;90;1.218422;163204.343750;163360.171875
0;91;0.652983;164621.093750;164727.187500
0;92;2.319507;165398.687500;165503.859375
0;93;1.074947;167830.640625;168026.828125
0;94;1.654569;169125.468750;169231.296875
0;95;0.166047;170913.375000;171053.218750
0;96;0.116803;171254.187500;171358.890625
0;97;0.011067;171515.468750;171610.046875
0;98;1.025499;171647.578125;171771.546875
0;99;0.318881;172826.812500;172907.000000
0;100;0.380888;173245.078125;173300.140625
0;101;2.527719;173717.234375;173851.656250
0;102;0.575600;176391.812500;176493.843750
0;103;2.044691;177114.218750;177235.609375
0;104;0.416680;179290.218750;179395.640625
0;105;0.079695;179843.406250;179914.203125
0;106;0.338799;180018.046875;180147.593750
0;107;2.683230;180518.031250;180674.984375
0;108;3.102624;183386.234375;183492.937500
0;109;0.626500;186596.562500;186697.250000
0;110;0.325405;187331.515625;187431.453125
0;111;0.360760;187789.484375;187894.828125
0;112;0.050525;188283.703125;188384.546875
0;113;1.960544;188491.234375;188569.265625
0;114;3.341480;190566.625000;190643.328125
0;115;0.681240;193989.140625;194092.593750
0;116;2.350922;194823.750000;194977.765625
0;117;0.981370;197377.312500;197501.593750
0;118;1.028574;198527.531250;198612.875000
0;119;0.724291;199659.875000;199732.390625
0;120;0.811862;200470.812500;200590.328125
0;121;0.950671;201414.250000;201543.656250
0;122;2.301678;202504.015625;202596.484375
0;123;0.109325;204917.343750;205066.687500
0;124;0.063821;205215.937500;205317.125000
0;125;3.810130;205438.187500;205551.375000
0;126;0.569555;209364.265625;209481.140625
0;127;0.536369;210084.171875;210183.281250
0;128;1.188052;210743.125000;210893.984375
0;129;0.607033;212098.687500;212208.921875
0;130;0.155440;212818.125000;212915.515625
0;131;0.289884;213090.312500;213192.062500
0;132;0.122605;213499.312500;213601.625000
0;133;3.035407;213723.984375;213824.656250
0;134;1.206193;216909.187500;217011.843750
0;135;0.923056;218225.531250;218280.187500
0;136;1.871285;219224.359375;219326.671875
0;137;0.030049;221233.750000;221390.609375
0;138;0.877698;221444.937500;221597.578125
0;139;3.308375;222485.640625;222589.093750
0;140;0.083962;225943.984375;225997.796875
0;141;0.829774;226103.390625;226257.843750
0;142;1.678702;227125.921875;227284.093750
0;143;0.509797;228991.109375;229129.250000
0;144;0.619285;229650.218750;229756.812500
0;145;1.257313;230402.906250;230557.406250
0;146;0.622650;231823.578125;231979.906250
0;147;1.744569;232621.937500;232800.109375
0;148;4.360661;234569.828125;234652.437500
0;149;1.435563;239049.781250;239130.937500
0;150;1.259420;240577.468750;240675.593750
0;151;0.559125;241951.406250;242086.234375
0;152;0.826140;242685.468750;242805.921875
0;153;1.668557;243672.687500;243822.593750
0;154;0.186736;245497.640625;245620.984375
0;155;3.523015;245822.796875;245970.187500
0;156;0.352681;249514.187500;249680.312500
0;157;0.132254;250078.828125;250181.062500
0;158;2.261606;250361.171875;250447.593750
0;159;0.537518;252734.843750;252837.953125
0;160;0.137720;253385.046875;253505.921875
0;161;1.183416;253651.062500;253759.359375
0;162;1.166903;254976.515625;255128.546875
0;163;2.050305;256323.109375;256425.390625
0;164;0.178177;258492.812500;258594.953125
0;165;2.404264;258775.671875;258870.390625
0;166;0.492484;261320.593750;261424.609375
0;167;0.656270;261932.171875;262038.937500
0;168;0.650736;262732.968750;262888.281250
0;169;1.796952;263558.406250;263661.625000
0;170;1.610445;265471.125000;265573.093750
0;171;6.099662;267239.562500;267385.875000
0;172;1.533518;273535.000000;273639.062500
0;173;0.367397;275195.031250;275351.500000
0;174;0.653347;275771.937500;275899.218750
0;175;1.325389;276563.406250;276714.906250
0;176;0.164447;278087.875000;278245.687500
0;177;0.659322;278445.312500;278543.218750
0;178;0.731187;279227.093750;279407.500000
0;179;0.575487;280153.093750;280304.406250
0;180;0.316551;280917.375000;281068.250000
0;181;0.456519;281420.875000;281578.343750
0;182;0.547412;282088.093750;282217.937500
0;183;0.314181;282778.062500;282908.906250
0;184;0.255643;283248.593750;283348.812500
0;185;0.852856;283656.781250;283764.312500
0;186;0.040727;284626.156250;284728.281250
0;187;0.255855;284779.218750;284880.281250
0;188;1.690970;285139.718750;285289.812500
0;189;0.055739;286996.625000;287098.406250
0;190;3.424347;287203.281250;287341.031250
0;191;0.927182;290788.562500;290939.468750
0;192;3.097564;291879.843750;292034.625000
0;193;0.070458;295159.718750;295223.812500
0;194;2.334542;295331.843750;295435.500000
0;195;1.392825;297779.687500;297884.218750
0;196;0.383977;299292.656250;299432.125000
0;197;2.454995;299869.875000;299998.750000
0;198;1.893212;302480.718750;302631.625000
0;199;0.318971;304533.281250;304683.437500
0;200;1.193503;305014.875000;305137.500000
0;201;1.636736;306351.718750;306452.437500
0;202;0.901514;308129.937500;308214.343750
0;203;2.397416;309129.687500;309232.812500
0;204;0.263165;311682.343750;311785.031250
0;205;1.464540;312079.156250;312181.437500
0;206;2.382674;313695.062500;313798.093750
0;207;0.136997;316209.000000;316310.812500
0;208;0.511612;316464.968750;316609.781250
0;209;0.369180;317144.093750;317294.437500
0;210;0.616812;317688.062500;317778.906250
0;211;0.111850;318420.687500;318571.718750
0;212;0.048839;318725.125000;318831.000000
0;213;0.128211;318896.812500;319046.968750
0;214;0.611707;319201.000000;319347.656250
0;215;1.390922;319969.531250;320122.687500
0;216;0.322071;321524.281250;321672.875000
0;217;0.814253;322001.125000;322090.812500
0;218;0.337247;322930.125000;323034.656250
0;219;0.471826;323405.218750;323560.906250
0;220;1.826757;324048.062500;324137.343750
0;221;2.185102;326004.687500;326070.718750
0;222;0.175693;328267.750000;328371.812500
0;223;0.253781;328557.812500;328711.343750
0;224;0.072751;329019.531250;329112.125000
0;225;0.939968;329215.093750;329317.375000
0;226;1.471426;330283.968750;330484.718750
0;227;1.896407;331989.062500;332170.843750
0;228;0.524948;334080.500000;334210.531250
0;229;0.226430;334752.468750;334853.187500
0;230;0.108806;335096.125000;335202.406250
0;231;0.960434;335349.531250;335481.718750
0;232;0.548462;336499.968750;336596.312500
0;233;2.530061;337193.875000;337298.468750
0;234;1.655627;339870.062500;340025.875000
0;235;1.794891;341697.687500;341847.968750
0;236;1.192808;343656.093750;343756.656250
0;237;0.019987;344969.218750;345067.437500
0;238;0.652557;345120.062500;345206.625000
0;239;0.415455;345862.906250;345963.281250
0;240;1.772465;346419.718750;346490.875000
0;241;2.805646;348274.906250;348414.187500
0;242;1.764923;351231.031250;351419.562500
0;243;0.006059;353191.843750;353290.531250
0;244;1.267573;353341.812500;353464.156250
0;245;1.891711;354738.843750;354857.593750
0;246;0.234876;356783.125000;356882.687500
0;247;0.448667;357162.156250;357261.906250
0;248;1.951008;357742.593750;357881.718750
0;249;5.408192;359844.031250;359898.218750
1;0;1.936077;60861.851563;61004.511719
1;1;0.069921;62963.609375;63109.066406
1;2;1.277930;63207.972656;63264.148438
1;3;6.970408;64564.175781;64700.281250
1;4;0.768285;71680.195313;71818.156250
1;5;0.210421;72624.039063;72697.171875
1;6;1.035092;72923.359375;72990.171875
1;7;0.636873;74060.210938;74162.203125
1;8;0.953623;74834.117188;74943.539063
1;9;1.160039;75899.695313;76019.390625
1;10;0.414720;77196.375000;77354.171875
1;11;0.146352;77820.210938;77947.085938
1;12;0.769501;78123.554688;78253.531250
1;13;1.924817;79037.695313;79136.671875
1;14;0.413595;81069.156250;81171.210938
1;15;0.731383;81601.437500;81735.828125
1;16;0.902581;82499.320313;82572.515625
1;17;0.971907;83504.601563;83606.375000
1;18;0.234751;84623.375000;84731.640625
1;19;0.795482;85015.179688;85116.492188
1;20;0.040832;85928.437500;86027.460938
1;21;1.679938;86080.445313;86179.109375
1;22;1.617141;87909.960938;87961.007813
1;23;0.175063;89597.492188;89695.046875
1;24;0.649039;89898.218750;89997.812500
1;25;0.606159;90653.523438;90755.000000
1;26;2.342137;91399.578125;91492.125000
1;27;1.761255;93880.562500;93977.875000
1;28;0.373697;95773.296875;95867.585938
1;29;0.338068;96242.632813;96345.484375
1;30;4.733968;96700.601563;96829.992188
1;31;0.562031;101583.843750;101737.382813
1;32;0.425392;102346.742188;102399.750000
1;33;2.309871;102852.859375;102954.109375
1;34;0.458860;105291.562500;105368.640625
1;35;1.652758;105866.265625;105972.507813
1;36;1.772801;107644.625000;107822.351563
1;37;1.750817;109645.242188;109698.031250
1;38;2.932254;111465.593750;111611.054688
1;39;1.368097;114569.257813;114722.085938
1;40;1.219235;116104.148438;116259.421875
1;41;1.969761;117481.117188;117578.867188
1;42;2.515095;119570.921875;119648.148438
1;43;0.836576;122186.187500;122307.890625
1;44;0.187094;123170.851563;123242.382813
1;45;0.187930;123464.718750;123595.031250
1;46;1.265980;123799.078125;123899.632813
1;47;0.963009;125201.601563;125343.125000
1;48;1.529735;126308.335938;126449.929688
1;49;0.290059;127985.312500;128121.000000
1;50;0.965752;128423.453125;128525.367188
1;51;0.567191;129516.679688;129594.312500
1;52;0.042470;130196.171875;130324.375000
1;53;0.250067;130384.562500;130519.812500
1;54;3.810130;130782.250000;130905.718750
1;55;3.796279;134733.406250;134887.359375
1;56;0.458758;138685.140625;138785.843750
1;57;1.969158;139248.140625;139347.796875
1;58;2.093128;141346.359375;141488.578125
1;59;2.027169;143594.500000;143744.921875
1;60;1.184400;145794.859375;145888.515625
1;61;0.926558;147091.859375;147214.218750
1;62;0.058072;148154.406250;148222.234375
1;63;0.915314;148295.046875;148397.203125
1;64;2.135577;149347.546875;149510.234375
1;65;2.097865;151686.125000;151779.875000
1;66;1.185978;153932.312500;153985.953125
1;67;0.174394;155198.453125;155304.875000
1;68;0.944474;155498.937500;155583.937500
1;69;0.302407;156530.406250;156630.531250
1;70;0.020568;156936.578125;157045.125000
1;71;4.574738;157077.218750;157150.343750
1;72;2.089757;161733.968750;161841.140625
1;73;0.694668;163953.015625;164080.078125
1;74;3.252734;164830.000000;164914.187500
1;75;0.074941;168181.984375;168328.390625
1;76;2.237475;168411.390625;168480.875000
1;77;0.002891;170747.546875;170862.109375
1;78;0.617577;170913.359375;171000.593750
1;79;1.737704;171647.578125;171771.546875
1;80;2.358058;173547.781250;173667.328125
1;81;0.270310;176045.421875;176183.375000
1;82;0.692649;176493.843750;176600.062500
1;83;0.358014;177344.062500;177449.375000
1;84;1.331229;177834.875000;177941.281250
1;85;1.603212;179290.218750;179384.531250
1;86;0.464888;181020.937500;181165.515625
1;87;0.627687;181673.593750;181764.234375
1;88;1.602491;182422.578125;182526.484375
1;89;0.316641;184153.671875;184236.328125
1;90;7.435550;184564.968750;184668.953125
1;91;1.511544;192112.250000;192266.656250
1;92;0.323827;193811.843750;193936.265625
1;93;1.611752;194300.203125;194440.546875
1;94;1.425703;196092.031250;196197.953125
1;95;0.016472;197644.015625;197752.218750
1;96;0.233048;197800.390625;197901.281250
1;97;0.691264;198164.328125;198319.640625
1;98;3.164637;199027.546875;199083.140625
1;99;3.393086;202300.765625;202399.937500
1;100;0.039161;205805.406250;205955.671875
1;101;1.128407;206008.640625;206158.765625
1;102;0.269881;207316.937500;207419.656250
1;103;4.150423;207692.031250;207786.265625
1;104;1.372180;211958.046875;212047.578125
1;105;0.835787;213450.515625;213601.625000
1;106;0.372095;214463.796875;214566.125000
1;107;0.002824;214942.750000;215044.296875
1;108;0.896270;215097.593750;215245.968750
1;109;0.500656;216146.453125;216239.734375
1;110;0.381837;216757.390625;216909.171875
1;111;1.129250;217310.718750;217414.187500
1;112;0.156059;218573.890625;218662.812500
1;113;1.581228;218865.093750;218967.218750
1;114;3.062781;220582.000000;220735.140625
1;115;1.000709;223838.015625;224014.531250
1;116;0.571134;225061.546875;225168.718750
1;117;0.108769;225750.593750;225852.281250
1;118;1.709077;225997.828125;226101.109375
1;119;1.080670;227830.187500;227929.953125
1;120;0.297645;229024.765625;229129.250000
1;121;2.375668;229438.281250;229538.031250
1;122;0.649221;231928.125000;232056.234375
1;123;2.552386;232725.515625;232849.890625
1;124;1.195890;235414.296875;235517.781250
1;125;2.091778;236752.343750;236852.375000
1;126;1.771624;238945.296875;238999.203125
1;127;0.157840;240773.703125;240861.218750
1;128;2.826053;241025.687500;241126.359375
1;129;1.235422;243966.703125;244110.875000
1;130;0.100168;245362.890625;245463.828125
1;131;0.342184;245571.812500;245668.656250
1;132;1.420928;246030.953125;246149.000000
1;133;0.120805;247607.765625;247733.187500
1;134;3.680806;247887.546875;247991.703125
1;135;0.150425;251694.640625;251845.156250
1;136;1.296537;252046.609375;252148.531250
1;137;0.696879;253455.375000;253554.250000
1;138;0.445592;254267.781250;254418.468750
1;139;2.012638;254868.843750;254976.500000
1;140;0.719696;257003.484375;257105.875000
1;141;0.269752;257866.609375;257962.921875
1;142;0.128626;258244.281250;258372.906250
1;143;0.507558;258545.421875;258647.390625
1;144;0.809477;259187.546875;259322.500000
1;145;0.882930;260161.625000;260265.343750
1;146;1.282983;261170.000000;261269.062500
1;147;0.042610;262573.875000;262680.062500
1;148;2.226494;262732.968750;262836.937500
1;149;1.630954;265114.375000;265266.968750
1;150;0.368007;266906.406250;266995.125000
1;151;0.454132;267385.812500;267491.812500
1;152;0.126176;267948.375000;268050.750000
1;153;0.589683;268198.406250;268260.593750
1;154;2.605236;268890.156250;269015.906250
1;155;2.676706;271637.875000;271734.687500
1;156;1.851232;274460.812500;274542.812500
1;157;1.617580;276419.156250;276512.812500
1;158;0.185782;278137.500000;278245.687500
1;159;0.026158;278445.312500;278520.531250
1;160;0.755802;278569.531250;278674.187500
1;161;2.496425;279456.875000;279562.968750
1;162;0.948920;282088.093750;282144.468750
1;163;0.511505;283113.031250;283249.750000
1;164;0.852346;283764.312500;283855.343750
1;165;1.327968;284728.312500;284880.281250
1;166;1.722815;286217.718750;286284.093750
1;167;0.991080;288014.312500;288165.562500
1;168;0.077567;289213.468750;289315.656250
1;169;0.234751;289417.468750;289567.750000
1;170;0.113114;289825.875000;289928.343750
1;171;0.380271;290049.812500;290147.625000
1;172;0.303601;290534.468750;290633.656250
1;173;0.758876;290991.968750;291094.750000
1;174;1.828525;291879.843750;291983.718750
1;175;3.080311;293827.125000;293927.437500
1;176;2.694448;297017.156250;297107.781250
1;177;1.486364;299817.156250;299919.125000
1;178;0.003261;301436.312500;301515.375000
1;179;0.751672;301565.937500;301680.812500
1;180;0.184709;302480.718750;302623.906250
1;181;0.492589;302833.375000;302936.437500
1;182;2.648751;303465.968750;303589.750000
1;183;0.102598;306249.312500;306351.687500
1;184;0.959229;306474.687500;306562.000000
1;185;4.899816;307572.625000;307723.500000
1;186;1.284385;312648.218750;312786.093750
1;187;1.017174;314093.906250;314196.281250
1;188;4.559801;315219.031250;315297.156250
1;189;0.661892;319860.187500;319953.875000
1;190;1.608704;320639.968750;320790.312500
1;191;0.774512;322422.937500;322547.656250
1;192;0.243429;323350.906250;323456.250000
1;193;0.024028;323719.781250;323875.687500
1;194;0.758474;323928.281250;324082.625000
1;195;1.628443;324857.687500;324923.218750
1;196;1.373817;326605.031250;326662.750000
1;197;0.706855;328088.500000;328215.281250
1;198;0.426629;328931.062500;329072.500000
1;199;0.317581;329532.343750;329638.437500
1;200;3.625051;329997.687500;330108.468750
1;201;0.094776;333750.312500;333841.625000
1;202;0.226553;333955.500000;334056.500000
1;203;0.384786;334284.968750;334441.187500
1;204;1.702903;334853.187500;334971.156250
1;205;0.137111;336701.593750;336799.406250
1;206;0.592038;336986.500000;337087.937500
1;207;0.034544;337701.687500;337767.281250
1;208;0.021355;337856.187500;338002.656250
1;209;3.385044;338054.718750;338158.875000
1;210;1.571379;341593.000000;341697.656250
1;211;0.094703;343281.125000;343409.500000
1;212;1.230171;343556.593750;343612.625000
1;213;0.533530;344847.687500;344919.125000
1;214;1.996234;345472.281250;345570.562500
1;215;0.132141;347626.312500;347776.562500
1;216;1.332581;347947.968750;348020.156250
1;217;0.274438;349369.187500;349440.250000
1;218;1.307833;349736.000000;349880.031250
1;219;0.020876;351207.218750;351370.437500
1;220;1.725551;351419.593750;351504.156250
1;221;1.715765;353241.781250;353341.812500
1;222;1.357898;355103.062500;355204.375000
1;223;0.139700;356567.218750;356681.468750
1;224;0.190083;356834.562500;356957.843750
1;225;0.576450;357162.156250;357261.812500
1;226;0.814886;357880.062500;357964.312500
1;227;0.235125;358805.531250;358905.875000
1;228;1.928880;359145.562500;359246.218750
2;0;0.315254;60005.484375;60097.468750
2;1;2.964083;60470.996094;60613.843750
2;2;0.524354;63614.171875;63720.839844
2;3;2.369284;64264.250000;64404.195313
2;4;0.442174;66824.070313;66925.640625
2;5;0.135477;67401.156250;67515.093750
2;6;2.106033;67672.414063;67817.734375
2;7;0.679309;69927.390625;70079.500000
2;8;0.570288;70771.226563;70860.179688
2;9;0.114529;71447.921875;71541.679688
2;10;0.651161;71674.328125;71740.015625
2;11;0.968663;72413.640625;72552.609375
2;12;1.314356;73533.039063;73630.843750
2;13;0.061262;74964.164063;75084.179688
2;14;0.950990;75187.492188;75288.335938
2;15;1.331116;76278.234375;76396.765625
2;16;0.382170;77769.312500;77894.054688
2;17;4.418760;78308.265625;78458.890625
2;18;4.827200;82895.015625;82999.898438
2;19;2.275067;87857.937500;87959.343750
2;20;1.186471;90252.875000;90355.085938
2;21;0.010185;91570.265625;91697.687500
2;22;0.261546;91749.195313;91849.875000
2;23;0.283349;92149.195313;92295.218750
2;24;1.295883;92586.054688;92747.562500
2;25;0.146276;94076.625000;94175.085938
2;26;1.567743;94376.421875;94446.085938
2;27;0.415014;96028.398438;96147.171875
2;28;0.001781;96598.859375;96730.820313
2;29;0.234294;96747.515625;96883.031250
2;30;0.643602;97135.359375;97234.679688
2;31;4.932042;97917.851563;98066.140625
2;32;1.193105;103058.156250;103164.023438
2;33;0.975243;104385.343750;104485.742188
2;34;2.018091;105474.812500;105562.257813
2;35;2.422635;107591.703125;107694.140625
2;36;0.156059;110119.226563;110243.304688
2;37;0.401681;110419.773438;110541.023438
2;38;0.491434;110948.359375;111048.742188
2;39;0.148233;111556.757813;111630.835938
2;40;0.947727;111794.609375;111931.835938
2;41;2.243652;112920.367188;113064.085938
2;42;2.273475;115330.882813;115450.078125
2;43;0.328976;117747.156250;117925.460938
2;44;0.398493;118282.039063;118406.648438
2;45;2.575174;118807.523438;118930.093750
2;46;0.527223;121516.726563;121703.414063
2;47;0.198856;122247.523438;122380.500000
2;48;0.826709;122598.078125;122682.937500
2;49;1.315798;123546.500000;123683.046875
2;50;1.285033;125047.484375;125152.453125
2;51;2.482227;126449.960938;126551.828125
2;52;0.246281;129089.195313;129188.500000
2;53;1.055146;129465.812500;129594.312500
2;54;0.901895;130689.437500;130784.359375
2;55;0.108028;131742.578125;131865.015625
2;56;0.111961;131980.812500;132084.578125
2;57;1.308274;132236.031250;132347.687500
2;58;0.393489;133668.500000;133769.453125
2;59;0.115386;134177.796875;134249.343750
2;60;2.570301;134379.375000;134481.062500
2;61;0.332422;137059.484375;137177.781250
2;62;0.351248;137552.625000;137637.687500
2;63;0.404150;138045.171875;138175.968750
2;64;0.784399;138634.359375;138785.843750
2;65;2.900850;139585.140625;139684.750000
2;66;0.354904;142627.234375;142722.812500
2;67;2.370442;143091.390625;143187.390625
2;68;0.287048;145560.812500;145684.515625
2;69;1.865231;145997.921875;146101.515625
2;70;0.360247;148013.359375;148115.875000
2;71;0.634659;148502.781250;148607.578125
2;72;0.200910;149248.281250;149371.250000
2;73;0.423072;149613.953125;149716.812500
2;74;0.723060;150170.250000;150270.812500
2;75;1.464413;151000.921875;151104.734375
2;76;0.655295;152600.984375;152686.171875
2;77;0.369086;153347.750000;153498.703125
2;78;0.176481;153880.562500;153985.953125
2;79;0.057577;154202.984375;154307.546875
2;80;0.858849;154406.093750;154459.515625
2;81;3.141043;155357.265625;155501.046875
2;82;0.255855;158686.781250;158754.031250
2;83;0.321127;159054.437500;159209.906250
2;84;0.510491;159553.390625;159639.968750
2;85;0.596071;160160.218750;160249.421875
2;86;0.083962;160858.921875;160960.781250
2;87;0.270010;161048.468750;161101.109375
2;88;0.679371;161382.296875;161539.031250
2;89;0.233671;162257.984375;162331.281250
2;90;1.184499;162584.734375;162708.937500
2;91;1.178112;163906.078125;164007.046875
2;92;1.849427;165210.828125;165280.890625
2;93;0.431886;167188.875000;167328.343750
2;94;0.061546;167772.859375;167922.109375
2;95;3.774268;167984.625000;168079.234375
2;96;1.540578;171867.640625;172016.328125
2;97;1.897725;173614.609375;173717.218750
2;98;1.960744;175662.578125;175786.218750
2;99;0.217189;177784.625000;177941.265625
2;100;0.636573;178175.625000;178249.156250
2;101;3.278879;178932.203125;179033.843750
2;102;0.667729;182319.171875;182422.546875
2;103;1.039575;183144.203125;183283.156250
2;104;0.364354;184363.906250;184486.375000
2;105;2.241074;184879.171875;184964.234375
2;106;1.543032;187236.593750;187331.421875
2;107;0.425788;188877.687500;188949.875000
2;108;3.918192;189400.343750;189549.406250
2;109;0.616871;193498.812500;193655.156250
2;110;3.050351;194300.203125;194457.703125
2;111;3.086402;197555.656250;197697.562500
2;112;0.460032;200814.484375;200910.000000
2;113;0.644989;201397.578125;201543.656250
2;114;0.129532;202201.250000;202300.812500
2;115;5.459801;202451.265625;202550.843750
2;116;1.690970;208034.203125;208185.562500
2;117;0.432035;209880.093750;209973.453125
2;118;1.620652;210430.953125;210540.843750
2;119;0.388412;212182.375000;212308.828125
2;120;0.637891;212713.593750;212816.515625
2;121;0.551007;213499.312500;213601.640625
2;122;0.300950;214164.265625;214286.312500
2;123;0.819756;214614.578125;214680.906250
2;124;2.242104;215536.546875;215614.671875
2;125;1.416904;217871.859375;217973.718750
2;126;0.794722;219430.156250;219554.281250
2;127;0.840822;220353.406250;220405.921875
2;128;0.652375;221284.390625;221390.609375
2;129;2.123017;222058.156250;222130.921875
2;130;0.758809;224264.390625;224436.562500
2;131;0.890145;225218.437500;225330.921875
2;132;0.206687;226257.843750;226351.156250
2;133;0.279404;226608.187500;226756.484375
2;134;0.087809;227073.406250;227162.781250
2;135;1.931792;227284.093750;227410.937500
2;136;0.147427;229381.781250;229493.531250
2;137;1.193900;229650.187500;229741.218750
2;138;0.018040;230944.656250;231100.640625
2;139;1.696293;231147.578125;231226.093750
2;140;0.401149;232954.390625;233026.343750
2;141;1.697549;233429.171875;233541.406250
2;142;0.177151;235258.468750;235415.406250
2;143;0.526681;235632.437500;235746.703125
2;144;0.032605;236274.234375;236376.359375
2;145;1.146344;236429.000000;236501.656250
2;146;1.835983;237653.796875;237725.140625
2;147;1.090940;239610.812500;239682.765625
2;148;1.150253;240773.703125;240874.312500
2;149;0.689629;242054.046875;242187.437500
2;150;0.013987;242908.265625;243009.281250
2;151;9.465960;243061.703125;243213.734375
2;152;1.687851;252686.562500;252837.968750
2;153;1.793690;254547.796875;254674.578125
2;154;0.374641;256509.687500;256608.875000
2;155;1.362754;257003.484375;257103.453125
2;156;1.776509;258492.812500;258647.390625
2;157;0.020534;260453.703125;260578.171875
2;158;1.421661;260633.781250;260759.203125
2;159;0.858117;262190.687500;262294.718750
2;160;1.480416;263203.875000;263308.093750
2;161;0.445189;264821.843750;264942.281250
2;162;0.127118;265421.687500;265557.468750
2;163;0.330652;265714.312500;265830.000000
2;164;0.616577;266182.562500;266296.687500
2;165;0.527223;266917.062500;267062.968750
2;166;1.244438;267642.937500;267764.937500
2;167;0.297953;269011.000000;269111.562500
2;168;5.642251;269466.718750;269602.218750
2;169;0.896270;275247.187500;275351.500000
2;170;0.633942;276266.718750;276369.843750
2;171;0.511933;277024.062500;277121.218750
2;172;0.714799;277646.218750;277730.625000
2;173;0.027740;278480.718750;278569.500000
2;174;0.820888;278619.937500;278722.375000
2;175;2.450314;279558.968750;279667.937500
2;176;1.766762;282138.687500;282217.937500
2;177;1.393302;284034.375000;284088.093750
2;178;0.914697;285524.281250;285601.031250
2;179;0.171761;286542.875000;286698.437500
2;180;1.580945;286894.000000;287045.312500
2;181;0.231307;288659.156250;288764.218750
2;182;0.770785;289013.125000;289111.656250
2;183;3.542174;289928.343750;289997.593750
2;184;0.452662;293569.531250;293722.781250
2;185;1.127845;294192.593750;294320.781250
2;186;2.519066;295464.406250;295595.000000
2;187;1.279217;298125.437500;298221.000000
2;188;2.957643;299530.968750;299630.968750
2;189;4.678291;302631.625000;302733.312500
2;190;0.119644;307422.281250;307520.375000
2;191;0.745175;307674.312500;307749.468750
2;192;2.263970;308536.500000;308639.531250
2;193;0.361412;310915.656250;311013.656250
2;194;0.459981;311380.812500;311468.593750
2;195;0.012492;311977.875000;312078.031250
2;196;1.827640;312131.875000;312281.187500
2;197;0.519444;314146.468750;314249.531250
2;198;0.157762;314797.250000;314896.468750
2;199;3.577179;315099.000000;315191.125000
2;200;0.358525;318814.343750;318896.781250
2;201;0.157685;319302.843750;319449.343750
2;202;0.036624;319655.562500;319761.937500
2;203;1.710825;319815.125000;319966.281250
2;204;0.127344;321726.750000;321832.218750
2;205;0.036346;321985.656250;322090.781250
2;206;0.187213;322144.218750;322226.468750
2;207;3.589392;322422.906250;322523.281250
2;208;3.112246;326129.531250;326233.750000
2;209;0.853950;329374.781250;329517.406250
2;210;0.697512;330382.031250;330514.343750
2;211;5.238626;331232.625000;331330.093750
2;212;0.809547;336596.281250;336701.562500
2;213;0.072249;337550.781250;337701.687500
2;214;0.381030;337799.531250;337907.968750
2;215;1.677930;338313.375000;338408.968750
2;216;0.040448;340129.187500;340206.062500
2;217;2.041679;340257.656250;340407.781250
2;218;0.005384;342475.687500;342648.031250
2;219;0.563487;342659.406250;342731.000000
2;220;0.218498;343311.468750;343456.375000
2;221;1.072452;343707.750000;343860.093750
2;222;0.574807;344969.218750;345067.375000
2;223;2.140501;345671.968750;345773.687500
2;224;0.219604;347947.968750;348020.156250
2;225;0.636454;348261.343750;348320.687500
2;226;1.389971;348970.125000;349104.531250
2;227;6.082607;350507.718750;350608.406250
2;228;0.774920;356733.906250;356882.687500
2;229;0.539435;357665.468750;357770.375000
2;230;1.206193;358346.500000;358445.781250
2;231;0.101198;359667.687500;359794.687500
3;0;1.297629;60259.605469;60365.699219
3;1;0.584702;61701.148438;61802.718750
3;2;1.345395;62404.718750;62510.285156
3;3;0.797352;63899.644531;64004.871094
3;4;0.514824;64859.011719;64934.539063
3;5;0.493746;65458.175781;65563.320313
3;6;2.960116;66071.296875;66224.531250
3;7;0.666744;69205.109375;69262.804688
3;8;0.213392;69975.601563;70131.414063
3;9;1.226070;70395.500000;70501.992188
3;10;0.138709;71764.179688;71868.257813
3;11;1.437422;72028.132813;72107.296875
3;12;0.383406;73585.351563;73688.937500
3;13;0.193560;74084.023438;74137.445313
3;14;0.129003;74365.312500;74478.328125
3;15;0.563431;74635.828125;74741.867188
3;16;0.312619;75318.648438;75443.593750
3;17;1.195492;75794.445313;75919.953125
3;18;1.456183;77144.195313;77242.531250
3;19;0.813409;78746.140625;78847.843750
3;20;1.710030;79698.953125;79829.585938
3;21;1.239351;81601.437500;81753.265625
3;22;1.363797;83050.039063;83200.960938
3;23;1.573061;84571.039063;84647.703125
3;24;2.775937;86268.523438;86419.023438
3;25;1.316243;89224.101563;89295.179688
3;26;0.867975;90653.523438;90734.703125
3;27;0.132065;91649.578125;91798.625000
3;28;1.026865;91947.609375;92049.578125
3;29;0.654868;93086.578125;93211.054688
3;30;1.410835;93880.562500;93976.750000
3;31;1.317576;95427.570313;95571.710938
3;32;0.379180;96933.179688;96998.867188
3;33;1.376278;97389.218750;97541.054688
3;34;0.059595;98930.453125;99030.515625
3;35;0.090540;99134.835938;99311.093750
3;36;1.724102;99416.757813;99562.937500
3;37;0.021561;101326.226563;101455.882813
3;38;0.815591;101506.867188;101583.828125
3;39;0.110067;102399.765625;102552.539063
3;40;1.257628;102707.882813;102883.960938
3;41;2.168586;104157.281250;104281.265625
3;42;0.738126;106462.546875;106553.601563
3;43;1.212240;107307.468750;107380.835938
3;44;1.534466;108627.390625;108728.328125
3;45;1.331567;110294.593750;110347.546875
3;46;0.862373;111681.882813;111763.132813
3;47;0.874274;112663.125000;112760.007813
3;48;1.122430;113672.546875;113751.625000
3;49;0.691138;114927.648438;115080.054688
3;50;2.901789;115791.648438;115864.203125
3;51;0.719180;118776.320313;118930.093750
3;52;0.266454;119696.296875;119797.296875
3;53;1.465049;120093.812500;120197.648438
3;54;1.820239;121703.445313;121832.023438
3;55;1.478097;123696.750000;123799.070313
3;56;1.991299;125292.625000;125390.687500
3;57;0.520737;127386.765625;127488.585938
3;58;0.342551;128034.414063;128121.984375
3;59;0.824221;128475.796875;128615.859375
3;60;0.052882;129464.914063;129594.312500
3;61;1.855395;129668.101563;129797.445313
3;62;0.492852;131693.468750;131814.406250
3;63;0.219154;132312.750000;132399.343750
3;64;1.900556;132641.671875;132743.171875
3;65;1.223719;134667.750000;134733.375000
3;66;0.089920;136007.656250;136064.203125
3;67;1.209414;136207.234375;136308.421875
3;68;3.383587;137552.625000;137648.593750
3;69;4.838065;141057.265625;141190.953125
3;70;0.875687;146051.031250;146201.062500
3;71;0.454639;147091.796875;147214.250000
3;72;1.204285;147698.031250;147801.312500
3;73;1.526234;149045.125000;149163.687500
3;74;0.458249;150710.921875;150835.437500
3;75;0.579630;151297.953125;151377.796875
3;76;0.063429;151982.984375;152076.671875
3;77;3.036999;152187.250000;152345.187500
3;78;0.240459;155406.453125;155550.984375
3;79;0.149386;155832.296875;155935.906250
3;80;0.683550;156109.718750;156247.546875
3;81;1.787535;156943.296875;157014.703125
3;82;0.052143;158811.937500;158914.218750
3;83;0.119831;159001.984375;159093.046875
3;84;0.452003;159262.812500;159368.703125
3;85;1.093386;159833.921875;159910.390625
3;86;1.142733;161015.578125;161101.109375
3;87;1.665501;162257.984375;162395.703125
3;88;1.430992;164080.093750;164214.265625
3;89;1.141690;165662.203125;165754.984375
3;90;1.254789;166922.906250;166977.703125
3;91;0.744317;168234.718750;168338.218750
3;92;3.762912;169125.375000;169231.296875
3;93;0.470177;173035.140625;173157.062500
3;94;1.243710;173667.343750;173780.875000
3;95;0.112370;175041.875000;175145.125000
3;96;1.157152;175306.031250;175462.062500
3;97;3.036468;176626.187500;176751.171875
3;98;0.945504;179843.453125;179914.203125
3;99;1.149489;180861.000000;180966.921875
3;100;0.772275;182129.250000;182233.625000
3;101;0.099433;183038.515625;183144.187500
3;102;0.389034;183283.125000;183386.203125
3;103;0.074007;183794.625000;183880.890625
3;104;0.297557;183986.812500;184080.125000
3;105;1.598607;184414.296875;184492.828125
3;106;0.175693;186124.250000;186281.656250
3;107;0.368194;186489.062500;186595.031250
3;108;3.738534;186986.687500;187080.937500
3;109;0.447406;190839.140625;190894.125000
3;110;0.587906;191347.593750;191489.250000
3;111;2.112199;192112.250000;192266.687500
3;112;0.420314;194406.359375;194497.578125
3;113;1.068455;194926.781250;195064.218750
3;114;5.109065;196146.656250;196237.625000
3;115;0.624662;201370.796875;201472.531250
3;116;1.674848;202101.921875;202201.234375
3;117;0.279620;203914.281250;204051.906250
3;118;0.510864;204332.281250;204432.140625
3;119;0.226058;204969.859375;205114.265625
3;120;0.630661;205368.265625;205472.984375
3;121;1.425090;206158.796875;206260.671875
3;122;2.218645;207692.046875;207831.750000
3;123;0.780093;210084.171875;210176.578125
3;124;1.043555;210981.843750;211069.593750
3;125;0.071389;212131.187500;212259.609375
3;126;0.516487;212360.640625;212511.125000
3;127;0.098882;213040.156250;213192.062500
3;128;1.040352;213317.562500;213450.468750
3;129;1.551941;214516.062500;214618.437500
3;130;0.902124;216197.921875;216349.796875
3;131;1.463778;217261.031250;217414.187500
3;132;0.062469;218917.531250;219036.921875
3;133;0.286786;219122.156250;219271.296875
3;134;1.661389;219608.140625;219749.703125
3;135;7.852989;221444.937500;221549.140625
3;136;3.972749;229438.312500;229545.281250
3;137;2.890114;233541.437500;233648.718750
3;138;1.012444;236553.859375;236649.187500
3;139;3.721588;237706.453125;237806.281250
3;140;0.263293;241574.937500;241723.609375
3;141;0.670875;242000.828125;242133.109375
3;142;0.330607;242805.937500;242908.250000
3;143;0.373320;243242.625000;243354.578125
3;144;0.350601;243773.375000;243917.890625
3;145;0.686366;244318.921875;244420.734375
3;146;2.356055;245130.921875;245260.421875
3;147;2.121168;247630.968750;247733.187500
3;148;0.173882;249907.062500;250024.593750
3;149;0.720278;250233.171875;250361.156250
3;150;2.108769;251134.125000;251235.734375
3;151;0.119233;253383.437500;253455.250000
3;152;0.351571;253607.015625;253737.265625
3;153;0.627212;254113.484375;254166.515625
3;154;0.151503;254822.031250;254918.953125
3;155;0.602264;255079.078125;255181.234375
3;156;0.241253;255812.750000;255906.296875
3;157;0.078757;256172.109375;256323.046875
3;158;2.299232;256425.406250;256501.609375
3;159;1.092027;258826.921875;258978.640625
3;160;0.009237;260090.750000;260211.062500
3;161;3.818740;260265.359375;260371.062500
3;162;0.329157;264218.968750;264369.531250
3;163;4.661890;264713.656250;264821.843750
3;164;0.227750;269515.625000;269627.125000
3;165;0.607791;269870.500000;269979.718750
3;166;1.399994;270598.375000;270740.125000
3;167;1.357898;272183.250000;272262.156250
3;168;2.764275;273639.062500;273741.406250
3;169;2.071508;276511.843750;276612.593750
3;170;1.046159;278722.375000;278812.093750
3;171;0.701697;279887.218750;280012.187500
3;172;0.747226;280724.656250;280866.312500
3;173;3.538818;281631.000000;281737.000000
3;174;0.796105;285289.812500;285425.656250
3;175;1.977231;286231.562500;286383.156250
3;176;2.216628;288375.031250;288474.250000
3;177;0.694037;290737.406250;290810.156250
3;178;0.071998;291529.031250;291622.750000
3;179;0.110401;291735.468750;291826.593750
3;180;5.903413;291983.656250;292139.218750
3;181;0.662199;298061.000000;298125.375000
3;182;1.243398;298799.750000;298977.812500
3;183;0.809337;300244.593750;300394.375000
3;184;0.021526;301257.937500;301410.500000
3;185;0.219318;301436.312500;301515.312500
3;186;4.690157;301761.406250;301883.218750
3;187;0.602728;306578.062500;306682.437500
3;188;2.557868;307334.718750;307422.281250
3;189;0.926948;310029.343750;310163.656250
3;190;0.429651;311110.281250;311230.968750
3;191;0.060304;311682.343750;311785.031250
3;192;1.045030;311874.906250;311977.875000
3;193;0.009440;313039.093750;313114.656250
3;194;0.145088;313140.656250;313193.250000
3;195;1.759425;313367.437500;313520.125000
3;196;0.656391;315297.156250;315421.593750
3;197;1.629772;316107.031250;316209.000000
3;198;0.918946;317851.187500;317982.062500
3;199;1.025670;318945.250000;319046.968750
3;200;0.978996;320122.718750;320227.812500
3;201;1.454670;321222.062500;321374.125000
3;202;0.413546;322830.062500;322930.125000
3;203;0.194761;323350.906250;323510.125000
3;204;0.706217;323719.781250;323857.437500
3;205;0.991410;324573.812500;324631.218750
3;206;1.257523;325641.031250;325746.343750
3;207;1.484291;327032.781250;327113.187500
3;208;0.122530;328611.062500;328711.343750
3;209;0.495746;328869.781250;329019.500000
3;210;0.106363;329517.406250;329586.718750
3;211;0.284610;329744.625000;329845.750000
3;212;2.187061;330179.718750;330382.000000
3;213;0.373839;332593.468750;332738.531250
3;214;0.177900;333164.343750;333271.093750
3;215;0.352080;333470.937500;333549.062500
3;216;2.815151;333927.593750;334050.125000
3;217;3.802650;336881.906250;336986.500000
3;218;0.215146;340815.500000;340938.531250
3;219;0.046805;341164.343750;341288.937500
3;220;2.330344;341390.687500;341491.812500
3;221;2.167140;343860.093750;343962.125000
3;222;0.943682;346164.187500;346266.468750
3;223;0.824647;347251.906250;347371.187500
3;224;1.210321;348222.593750;348362.906250
3;225;2.557181;349594.000000;349684.218750
3;226;1.906429;352258.781250;352386.625000
3;227;2.736861;354301.343750;354410.718750
3;228;0.492012;357162.125000;357261.812500
3;229;0.696689;357781.031250;357881.750000
3;230;0.725719;358583.781250;358681.218750
3;231;3.230356;359446.593750;359547.531250
4;0;1.721209;60259.722656;60365.699219
4;1;0.730273;62139.960938;62298.882813
4;2;0.027947;63058.058594;63162.714844
4;3;0.024097;63208.945313;63309.738281
4;4;0.284697;63363.257813;63512.355469
4;5;0.533639;63814.152344;63899.625000
4;6;6.747947;64458.703125;64598.687500
4;7;0.223752;71395.359375;71520.796875
4;8;0.278669;71765.179688;71924.523438
4;9;1.638819;72213.117188;72361.085938
4;10;0.267952;74005.953125;74099.171875
4;11;1.756770;74414.156250;74531.625000
4;12;0.348019;76329.007813;76429.507813
4;13;2.417787;76801.148438;76940.000000
4;14;0.462790;79388.515625;79509.781250
4;15;0.367350;80000.546875;80054.742188
4;16;0.507877;80436.101563;80537.070313
4;17;0.625136;81069.210938;81222.960938
4;18;1.147963;81855.101563;81942.835938
4;19;0.217884;83101.070313;83200.984375
4;20;0.537080;83447.507813;83556.906250
4;21;2.330903;84116.351563;84195.195313
4;22;7.811474;86538.546875;86664.156250
4;23;0.810950;94496.593750;94614.164063
4;24;1.629920;95432.984375;95571.718750
4;25;1.273540;97234.703125;97336.695313
4;26;0.094081;98620.617188;98763.281250
4;27;0.958266;98881.703125;98986.445313
4;28;0.295754;99947.515625;100071.156250
4;29;1.194994;100386.718750;100514.328125
4;30;0.204098;101737.406250;101836.984375
4;31;2.789419;102064.179688;102193.695313
4;32;0.659505;105041.062500;105193.164063
4;33;0.254881;105866.265625;105972.507813
4;34;0.393969;106239.921875;106398.156250
4;35;0.287745;106808.414063;106953.007813
4;36;0.590774;107261.070313;107435.609375
4;37;1.056548;108087.468750;108189.156250
4;38;0.258654;109291.546875;109443.125000
4;39;2.875807;109744.140625;109848.312500
4;40;0.839885;112761.132813;112866.000000
4;41;0.264104;113725.437500;113798.531250
4;42;2.003472;114103.789063;114218.171875
4;43;4.066091;116259.445313;116361.156250
4;44;0.032640;120453.242188;120603.601563
4;45;0.711333;120647.554688;120756.031250
4;46;1.740478;121510.945313;121617.382813
4;47;2.554096;123412.609375;123546.492188
4;48;1.637777;126105.187500;126206.703125
4;49;2.904139;127856.375000;128034.445313
4;50;0.962043;130952.203125;131102.250000
4;51;0.702778;132084.593750;132236.015625
4;52;0.162577;132985.390625;133088.125000
4;53;4.087955;133278.531250;133397.515625
4;54;3.571123;137503.718750;137664.187500
4;55;6.439270;141295.406250;141397.531250
4;56;2.993284;147856.359375;147962.390625
4;57;0.602032;151000.921875;151175.718750
4;58;0.333740;151779.843750;151882.375000
4;59;1.487272;152239.562500;152345.203125
4;60;0.093715;153880.562500;154036.593750
4;61;2.366395;154163.343750;154256.312500
4;62;0.029463;156630.578125;156737.203125
4;63;0.557954;156780.890625;156874.062500
4;64;0.052847;157437.468750;157533.796875
4;65;1.898857;157608.531250;157733.562500
4;66;1.732665;159656.140625;159711.078125
4;67;0.117251;161486.765625;161645.468750
4;68;1.267466;161790.015625;161943.890625
4;69;0.565843;163255.000000;163360.171875
4;70;0.527223;163952.984375;164080.078125
4;71;3.194246;164621.093750;164727.187500
4;72;0.888638;167922.218750;168026.828125
4;73;2.660753;168922.296875;169028.578125
4;74;0.803189;171717.125000;171813.140625
4;75;0.712615;172672.109375;172826.796875
4;76;0.426035;173547.718750;173616.359375
4;77;3.178436;174063.718750;174219.343750
4;78;0.185782;177449.390625;177555.515625
4;79;0.155672;177784.625000;177941.265625
4;80;0.419920;178122.906250;178176.875000
4;81;0.097340;178618.843750;178724.046875
4;82;0.402988;178829.546875;178932.234375
4;83;0.096644;179348.046875;179472.609375
4;84;2.271885;179595.515625;179668.937500
4;85;0.372613;181970.203125;182075.640625
4;86;1.596169;182470.578125;182618.531250
4;87;0.706345;184258.687500;184363.937500
4;88;0.771800;185110.078125;185211.531250
4;89;1.306291;185997.593750;186124.250000
4;90;0.846822;187485.843750;187580.906250
4;91;0.735568;188491.234375;188556.093750
4;92;0.875167;189346.500000;189451.578125
4;93;0.114454;190339.000000;190461.734375
4;94;0.438768;190619.531250;190737.078125
4;95;0.324323;191206.140625;191314.234375
4;96;0.475595;191684.890625;191786.203125
4;97;1.588460;192268.468750;192362.234375
4;98;3.316558;193964.250000;194038.406250
4;99;0.038778;197377.312500;197448.062500
4;100;0.962526;197501.609375;197644.062500
4;101;2.017251;198613.906250;198714.109375
4;102;3.477714;200762.937500;200862.796875
4;103;1.158499;204383.937500;204533.984375
4;104;1.763755;205709.546875;205853.421875
4;105;0.084469;207641.312500;207780.906250
4;106;0.536260;207879.718750;207981.484375
4;107;1.198382;208520.203125;208632.890625
4;108;1.847805;209880.093750;209981.734375
4;109;0.048628;211875.906250;211972.359375
4;110;2.879481;212030.906250;212130.062500
4;111;0.275947;215044.312500;215146.703125
4;112;0.005823;215442.843750;215536.593750
4;113;1.099481;215590.984375;215739.734375
4;114;0.523219;216849.203125;216962.125000
4;115;0.100941;217517.328125;217614.890625
4;116;0.150232;217724.375000;217871.843750
4;117;3.627773;218075.468750;218177.312500
4;118;1.394017;221829.828125;221946.671875
4;119;1.693315;223387.484375;223474.890625
4;120;1.447138;225218.484375;225330.921875
4;121;0.784810;226787.750000;226897.593750
4;122;1.144252;227724.953125;227830.171875
4;123;0.479845;228991.140625;229129.250000
4;124;1.706065;229650.187500;229741.187500
4;125;1.021159;231501.843750;231610.156250
4;126;3.041254;232671.328125;232747.687500
4;127;1.196687;235850.859375;236005.296875
4;128;1.019546;237261.843750;237368.578125
4;129;0.068027;238414.046875;238569.843750
4;130;0.644868;238651.281250;238803.171875
4;131;1.639266;239482.125000;239610.796875
4;132;1.097021;241261.218750;241321.343750
4;133;0.148771;242445.515625;242514.546875
4;134;0.121780;242685.468750;242805.937500
4;135;0.392817;242930.203125;243016.031250
4;136;0.317850;243418.109375;243520.000000
4;137;0.768825;243874.437500;243966.703125
4;138;1.714328;244779.203125;244895.906250
4;139;0.302275;246661.562500;246763.968750
4;140;0.168587;247072.125000;247174.578125
4;141;1.053832;247352.484375;247452.671875
4;142;0.438417;248521.078125;248657.265625
4;143;0.336016;249118.390625;249267.406250
4;144;0.413888;249628.765625;249729.343750
4;145;2.472015;250181.078125;250259.031250
4;146;0.944870;252759.250000;252890.078125
4;147;2.517409;253839.406250;253939.812500
4;148;0.568148;256477.843750;256608.875000
4;149;0.308701;257198.656250;257319.906250
4;150;2.039962;257677.171875;257813.921875
4;151;1.034318;259864.312500;260036.968750
4;152;0.447154;261115.625000;261213.312500
4;153;0.685990;261692.312500;261832.812500
4;154;0.874869;262573.875000;262680.093750
4;155;0.267181;263558.375000;263661.625000
4;156;2.768842;263964.781250;264063.187500
4;157;1.726357;266853.687500;266959.312500
4;158;0.617282;268731.625000;268837.687500
4;159;1.106802;269466.750000;269621.156250
4;160;0.798600;270740.125000;270841.312500
4;161;0.441673;271685.343750;271788.437500
4;162;0.189644;272236.437500;272312.843750
4;163;0.578266;272538.656250;272628.718750
4;164;0.416189;273250.218750;273350.781250
4;165;0.878295;273795.656250;273893.687500
4;166;1.346307;274777.468750;274931.812500
4;167;5.315923;276317.187500;276367.625000
4;168;0.495377;281684.906250;281829.687500
4;169;0.986461;282362.187500;282479.687500
4;170;0.386693;283503.437500;283656.750000
4;171;0.324503;284085.656250;284184.500000
4;172;2.660376;284538.625000;284674.625000
4;173;1.010339;287341.093750;287447.000000
4;174;0.390469;288474.281250;288528.625000
4;175;0.233546;288966.312500;289060.000000
4;176;0.226842;289315.656250;289468.281250
4;177;1.714488;289740.093750;289825.687500
4;178;2.501960;291580.875000;291735.468750
4;179;0.355831;294269.968750;294412.625000
4;180;0.207498;294827.281250;294983.656250
4;181;0.694352;295213.437500;295279.968750
4;182;2.366972;295998.468750;296102.156250
4;183;0.692460;298518.156250;298664.312500
4;184;0.757204;299381.000000;299530.968750
4;185;1.516197;300295.562500;300445.781250
4;186;0.597919;301972.593750;302124.218750
4;187;0.383739;302733.906250;302784.625000
4;188;0.035063;303186.500000;303290.500000
4;189;0.171133;303339.656250;303414.312500
4;190;0.120655;303617.500000;303718.531250
4;191;0.029532;303876.593750;303999.062500
4;192;0.339256;304049.500000;304199.031250
4;193;1.721048;304582.718750;304683.437500
4;194;0.247457;306422.187500;306524.718750
4;195;0.505695;306810.281250;306944.625000
4;196;0.104516;307472.125000;307621.937500
4;197;0.747359;307775.625000;307926.718750
4;198;0.496484;308687.125000;308797.875000
4;199;1.217507;309297.656250;309433.375000
4;200;0.061440;310669.000000;310772.343750
4;201;0.439919;310844.375000;310906.031250
4;202;1.296646;311380.812500;311479.437500
4;203;0.117737;312786.125000;312937.312500
4;204;1.299378;313091.906250;313212.500000
4;205;0.031085;314547.093750;314615.312500
4;206;0.749812;314702.156250;314767.218750
4;207;1.691751;315574.687500;315724.656250
4;208;0.040727;317449.781250;317598.625000
4;209;1.943517;317651.812500;317764.343750
4;210;0.893997;319761.968750;319860.156250
4;211;0.431190;320790.343750;320894.937500
4;212;2.272945;321374.156250;321481.000000
4;213;0.070995;323769.031250;323875.687500
4;214;0.393681;323977.562500;324031.500000
4;215;1.413865;324470.093750;324573.812500
4;216;2.308775;326004.687500;326129.531250
4;217;0.174866;328439.187500;328557.812500
4;218;1.167776;328766.093750;328914.343750
4;219;0.184312;330108.468750;330229.781250
4;220;0.220383;330431.218750;330514.343750
4;221;0.301171;330773.375000;330928.875000
4;222;4.135911;331236.375000;331383.406250
4;223;0.854899;335536.312500;335681.593750
4;224;0.760483;336554.375000;336650.343750
4;225;0.314494;337431.000000;337500.500000
4;226;2.509822;337856.187500;338002.718750
4;227;0.616283;340564.718750;340634.750000
4;228;0.530481;341288.968750;341440.218750
4;229;0.622591;341999.000000;342149.406250
4;230;0.557898;342799.718750;342951.437500
4;231;0.139700;343556.593750;343656.031250
4;232;1.383221;343810.187500;343863.750000
4;233;0.388030;345258.312500;345381.000000
4;234;4.418760;345773.687500;345862.875000
4;235;0.794791;350305.562500;350456.500000
4;236;0.033851;351264.375000;351370.406250
4;237;0.024577;351419.562500;351504.093750
4;238;0.377807;351555.812500;351676.000000
4;239;1.211533;352086.375000;352156.468750
4;240;1.504272;353381.031250;353514.812500
4;241;0.138443;355055.156250;355204.375000
4;242;4.899816;355352.250000;355481.031250


