
HORA INICIO DE MEDICION:  Mon Oct 17 11:23:47 2022

HORA FIN DE MEDICION: Mon Oct 17 11:28:47 2022
 

Parametros del experimento: 
Nº Usuarios: 5; Tpo. Reflex (seg): 1.100000; IP servidor: 192.168.203.238; Transitorio (seg): 60; Medicion (seg): 300 
N. usu.; N. pet.; Tpo Reflex(Seg); Tpo. Ini.(mseg); Tpo. Fin(mseg)
0;0;1.124854;61535.148438;61684.652344
0;1;0.004070;62855.281250;62991.601563
0;2;0.425541;63008.312500;63116.546875
0;3;2.830004;63563.535156;63703.332031
0;4;1.079058;66553.914063;66646.140625
0;5;4.015841;67767.750000;67820.132813
0;6;0.139319;71883.843750;72024.960938
0;7;3.404890;72186.437500;72334.242188
0;8;0.999709;75741.625000;75845.398438
0;9;1.996646;76873.601563;76927.976563
0;10;0.343973;78941.835938;79093.257813
0;11;0.068348;79458.304688;79553.757813
0;12;0.397240;79662.320313;79763.921875
0;13;0.991906;80170.250000;80271.453125
0;14;0.858117;81310.023438;81410.804688
0;15;0.115050;82292.078125;82488.015625
0;16;0.166125;82633.312500;82734.203125
0;17;1.100210;82952.117188;83038.500000
0;18;0.862446;84175.460938;84273.007813
0;19;0.667791;85156.140625;85209.398438
0;20;2.184368;85890.453125;86001.015625
0;21;0.711525;88223.078125;88356.218750
0;22;1.970566;89086.046875;89187.367188
0;23;0.870046;91194.257813;91343.171875
0;24;0.602496;92251.898438;92353.101563
0;25;0.176087;92961.460938;93145.531250
0;26;0.278020;93341.578125;93490.265625
0;27;1.815507;93774.023438;93876.312500
0;28;0.567697;95738.859375;95887.531250
0;29;1.419707;96475.031250;96575.953125
0;30;0.706281;98039.046875;98138.757813
0;31;0.714735;98873.789063;98980.046875
0;32;0.038465;99696.570313;99799.437500
0;33;0.240334;99853.945313;100006.757813
0;34;0.119906;100295.265625;100396.945313
0;35;0.047892;100555.656250;100696.640625
0;36;0.285001;100762.539063;100899.781250
0;37;0.253528;101226.000000;101330.242188
0;38;0.838301;101605.234375;101752.632813
0;39;1.249340;102609.375000;102804.671875
0;40;1.101580;104066.148438;104219.335938
0;41;1.656989;105331.328125;105478.460938
0;42;0.369556;107145.132813;107302.726563
0;43;0.845446;107697.398438;107798.468750
0;44;0.185066;108686.710938;108816.382813
0;45;1.067125;109042.476563;109195.750000
0;46;0.656635;110292.507813;110386.234375
0;47;0.255897;111105.593750;111251.640625
0;48;2.911693;111510.953125;111604.101563
0;49;0.111218;114541.664063;114654.539063
0;50;0.170271;114812.375000;114917.250000
0;51;0.281830;115119.750000;115223.320313
0;52;0.240626;115511.039063;115564.265625
0;53;0.671617;115825.835938;115955.335938
0;54;0.218253;116641.656250;116760.109375
0;55;3.049814;116979.640625;117051.390625
0;56;0.074366;120116.054688;120245.679688
0;57;0.637652;120348.273438;120450.101563
0;58;1.196687;121093.187500;121243.718750
0;59;0.976792;122464.273438;122558.328125
0;60;1.069785;123542.898438;123642.648438
0;61;1.826403;124730.515625;124836.867188
0;62;1.438290;126716.117188;126815.234375
0;63;4.066091;128270.164063;128341.078125
0;64;0.487924;132421.343750;132572.078125
0;65;3.273600;133089.046875;133176.062500
0;66;0.187134;136458.265625;136562.781250
0;67;0.753801;136806.796875;136927.218750
0;68;0.541355;137696.531250;137800.406250
0;69;0.096974;138357.109375;138528.953125
0;70;0.059347;138640.781250;138791.062500
0;71;3.375614;138879.437500;139033.765625
0;72;0.600756;142420.671875;142526.921875
0;73;0.314941;143150.937500;143290.921875
0;74;0.477355;143641.375000;143798.609375
0;75;3.224045;144291.703125;144396.812500
0;76;3.339382;147633.953125;147788.359375
0;77;0.922202;151170.406250;151311.421875
0;78;0.441121;152253.609375;152356.593750
0;79;0.244938;152822.359375;152905.296875
0;80;1.181841;153160.328125;153314.125000
0;81;3.641483;154530.312500;154650.437500
0;82;2.160181;158314.015625;158420.109375
0;83;1.218422;160607.421875;160734.265625
0;84;0.652983;161953.156250;162054.812500
0;85;2.319507;162750.093750;162861.437500
0;86;1.074947;165233.984375;165375.375000
0;87;1.654569;166481.156250;166583.234375
0;88;0.166047;168276.343750;168330.437500
0;89;0.116803;168537.187500;168689.468750
0;90;0.011067;168848.109375;169001.031250
0;91;1.025499;169055.562500;169148.687500
0;92;0.318881;170230.390625;170325.031250
0;93;0.380888;170679.250000;170730.968750
0;94;2.527719;171164.250000;171268.468750
0;95;0.575600;173807.328125;173954.406250
0;96;2.044691;174548.234375;174654.140625
0;97;0.416680;176709.859375;176813.000000
0;98;0.079695;177247.312500;177354.968750
0;99;0.338799;177456.328125;177560.640625
0;100;2.683230;177947.859375;178053.859375
0;101;3.102624;180767.093750;180892.656250
0;102;0.626500;184036.500000;184118.625000
0;103;0.325405;184755.609375;184893.984375
0;104;0.360760;185229.437500;185387.125000
0;105;0.050525;185752.609375;185877.609375
0;106;1.960544;185949.703125;186052.656250
0;107;3.341480;188068.953125;188164.953125
0;108;0.681240;191540.515625;191613.828125
0;109;2.350922;192317.640625;192467.390625
0;110;0.981370;194861.015625;194956.671875
0;111;1.028574;195956.750000;196081.937500
0;112;0.724291;197161.140625;197261.218750
0;113;0.811862;197993.593750;198144.796875
0;114;0.950671;198972.703125;199060.625000
0;115;2.301678;200033.375000;200136.250000
0;116;0.109325;202458.593750;202560.312500
0;117;0.063821;202676.218750;202763.750000
0;118;3.810130;202863.062500;202964.875000
0;119;0.569555;206797.250000;206950.843750
0;120;0.536369;207536.109375;207661.953125
0;121;1.188052;208213.437500;208314.890625
0;122;0.607033;209531.812500;209641.750000
0;123;0.155440;210297.593750;210401.406250
0;124;0.289884;210584.296875;210685.390625
0;125;0.122605;210989.609375;211116.671875
0;126;3.035407;211241.703125;211369.000000
0;127;1.206193;214427.468750;214548.796875
0;128;0.923056;215795.265625;215894.437500
0;129;1.871285;216822.906250;216928.906250
0;130;0.030049;218837.781250;218947.187500
0;131;0.877698;219004.359375;219139.093750
0;132;3.308375;220042.421875;220134.625000
0;133;0.083962;223446.921875;223542.828125
0;134;0.829774;223649.312500;223751.437500
0;135;1.678702;224600.218750;224796.609375
0;136;0.509797;226493.625000;226600.484375
0;137;0.619285;227119.500000;227219.812500
0;138;1.257313;227882.031250;227988.390625
0;139;0.622650;229275.062500;229397.796875
0;140;1.744569;230067.968750;230171.375000
0;141;4.360661;231941.765625;232021.593750
0;142;1.435563;236382.921875;236482.484375
0;143;1.259420;237931.718750;237984.343750
0;144;0.559125;239297.265625;239400.500000
0;145;0.826140;239976.812500;240126.234375
0;146;1.668557;240976.437500;241127.609375
0;147;0.186736;242852.359375;242953.890625
0;148;3.523015;243149.328125;243248.312500
0;149;0.352681;246787.437500;246938.281250
0;150;0.132254;247293.515625;247342.843750
0;151;2.261606;247481.921875;247600.593750
0;152;0.537518;249868.750000;249967.875000
0;153;0.137720;250538.484375;250618.781250
0;154;1.183416;250789.750000;250884.453125
0;155;1.166903;252087.718750;252189.671875
0;156;2.050305;253383.312500;253509.781250
0;157;0.178177;255592.062500;255736.203125
0;158;2.404264;255947.500000;256043.859375
0;159;0.492484;258500.984375;258573.156250
0;160;0.656270;259108.734375;259203.546875
0;161;0.650736;259894.734375;260032.656250
0;162;1.796952;260743.578125;260891.015625
0;163;1.610445;262719.156250;262790.500000
0;164;6.099662;264409.812500;264564.718750
0;165;1.533518;270700.031250;270802.156250
0;166;0.367397;272341.781250;272457.656250
0;167;0.653347;272841.781250;272928.562500
0;168;1.325389;273621.375000;273815.281250
0;169;0.164447;275162.500000;275266.375000
0;170;0.659322;275466.187500;275525.093750
0;171;0.731187;276215.625000;276371.437500
0;172;0.575487;277108.437500;277228.656250
0;173;0.316551;277829.093750;277979.312500
0;174;0.456519;278312.875000;278454.906250
0;175;0.547412;278964.593750;279096.562500
0;176;0.314181;279682.031250;279782.500000
0;177;0.255643;280106.406250;280206.906250
0;178;0.852856;280510.875000;280607.468750
0;179;0.040727;281468.000000;281619.031250
0;180;0.255855;281674.218750;281825.250000
0;181;1.690970;282121.812500;282220.968750
0;182;0.055739;283934.843750;284060.593750
0;183;3.424347;284164.968750;284301.656250
0;184;0.927182;287737.250000;287825.875000
0;185;3.097564;288791.812500;288940.750000
0;186;0.070458;292091.312500;292212.593750
0;187;2.334542;292310.125000;292411.093750
0;188;1.392825;294763.875000;294865.468750
0;189;0.383977;296276.000000;296426.000000
0;190;2.454995;296826.906250;296949.531250
0;191;1.893212;299405.250000;299541.656250
0;192;0.318971;301436.718750;301522.937500
0;193;1.193503;301843.000000;301933.875000
0;194;1.636736;303141.968750;303293.781250
0;195;0.901514;304980.718750;305137.250000
0;196;2.397416;306063.250000;306167.031250
0;197;0.263165;308609.250000;308755.843750
0;198;1.464540;309063.656250;309167.000000
0;199;2.382674;310672.062500;310776.937500
0;200;0.136997;313194.093750;313365.656250
0;201;0.511612;313547.343750;313658.781250
0;202;0.369180;314173.343750;314308.468750
0;203;0.616812;314706.750000;314825.125000
0;204;0.111850;315478.156250;315578.843750
0;205;0.048839;315750.750000;315855.375000
0;206;0.128211;315908.468750;316051.468750
0;207;0.611707;316198.062500;316302.656250
0;208;1.390922;316935.968750;317038.093750
0;209;0.322071;318465.031250;318601.281250
0;210;0.814253;318942.906250;319075.125000
0;211;0.337247;319924.531250;320026.468750
0;212;0.471826;320382.500000;320521.906250
0;213;1.826757;321022.250000;321142.187500
0;214;2.185102;323001.500000;323060.781250
0;215;0.175693;325283.093750;325382.843750
0;216;0.253781;325566.156250;325711.437500
0;217;0.072751;325984.937500;326064.312500
0;218;0.939968;326189.250000;326291.593750
0;219;1.471426;327236.343750;327354.218750
0;220;1.896407;328862.625000;328960.375000
0;221;0.524948;330861.843750;330962.812500
0;222;0.226430;331518.375000;331658.718750
0;223;0.108806;331893.562500;332041.375000
0;224;0.960434;332189.968750;332251.875000
0;225;0.548462;333269.875000;333393.218750
0;226;2.530061;333958.500000;334063.750000
0;227;1.655627;336603.968750;336677.031250
0;228;1.794891;338348.843750;338518.437500
0;229;1.192808;340315.875000;340425.250000
0;230;0.019987;341628.468750;341753.281250
0;231;0.652557;341804.812500;341910.093750
0;232;0.415455;342571.312500;342641.250000
0;233;1.772465;343077.906250;343182.625000
0;234;2.805646;344960.250000;345109.031250
0;235;1.764923;347949.031250;348037.375000
0;236;0.006059;349833.625000;349908.500000
0;237;1.267573;349960.750000;350082.468750
0;238;1.891711;351364.500000;351491.812500
0;239;0.234876;353425.312500;353548.156250
0;240;0.448667;353807.468750;353984.843750
0;241;1.951008;354456.625000;354557.750000
0;242;5.408192;356520.687500;356643.656250
1;0;1.936077;60976.832031;61084.281250
1;1;0.069921;63043.953125;63168.542969
1;2;1.277930;63240.281250;63292.546875
1;3;6.970408;64591.621094;64680.109375
1;4;0.768285;71695.007813;71829.734375
1;5;0.210421;72643.421875;72740.531250
1;6;1.035092;72977.898438;73188.414063
1;7;0.636873;74232.625000;74309.359375
1;8;0.953623;74998.343750;75100.164063
1;9;1.160039;76098.960938;76182.492188
1;10;0.414720;77379.929688;77482.601563
1;11;0.146352;77910.515625;78029.562500
1;12;0.769501;78182.617188;78301.335938
1;13;1.924817;79093.281250;79245.945313
1;14;0.413595;81210.203125;81310.023438
1;15;0.731383;81733.242188;81904.609375
1;16;0.902581;82658.398438;82732.632813
1;17;0.971907;83697.679688;83799.851563
1;18;0.234751;84775.023438;84878.265625
1;19;0.795482;85156.140625;85228.226563
1;20;0.040832;86070.125000;86171.382813
1;21;1.679938;86272.968750;86351.398438
1;22;1.617141;88073.718750;88223.046875
1;23;0.175063;89865.742188;89963.000000
1;24;0.649039;90152.585938;90320.539063
1;25;0.606159;90982.187500;91056.203125
1;26;2.342137;91675.132813;91742.554688
1;27;1.761255;94102.195313;94181.687500
1;28;0.373697;95992.773438;96097.562500
1;29;0.338068;96526.898438;96606.140625
1;30;4.733968;96983.226563;97112.695313
1;31;0.562031;101853.007813;101946.804688
1;32;0.425392;102519.093750;102701.710938
1;33;2.309871;103158.437500;103305.632813
1;34;0.458860;105636.101563;105784.320313
1;35;1.652758;106245.320313;106375.843750
1;36;1.772801;108081.703125;108212.914063
1;37;1.750817;110002.164063;110157.781250
1;38;2.932254;111921.382813;112010.367188
1;39;1.368097;114972.531250;115068.609375
1;40;1.219235;116484.187500;116586.867188
1;41;1.969761;117807.843750;117908.820313
1;42;2.515095;119895.640625;119996.789063
1;43;0.836576;122566.820313;122668.789063
1;44;0.187094;123516.343750;123593.937500
1;45;0.187930;123795.132813;123918.632813
1;46;1.265980;124142.429688;124324.148438
1;47;0.963009;125596.718750;125727.945313
1;48;1.529735;126716.195313;126815.234375
1;49;0.290059;128371.453125;128513.070313
1;50;0.965752;128814.375000;128916.960938
1;51;0.567191;129896.343750;129995.820313
1;52;0.042470;130576.406250;130695.125000
1;53;0.250067;130746.804688;130842.695313
1;54;3.810130;131135.375000;131286.765625
1;55;3.796279;135135.656250;135241.343750
1;56;0.458758;139088.703125;139231.984375
1;57;1.969158;139705.500000;139758.375000
1;58;2.093128;141772.250000;141872.890625
1;59;2.027169;143975.515625;144115.453125
1;60;1.184400;146176.562500;146311.796875
1;61;0.926558;147529.593750;147633.921875
1;62;0.058072;148579.687500;148703.453125
1;63;0.915314;148795.546875;148848.656250
1;64;2.135577;149795.625000;149908.500000
1;65;2.097865;152073.578125;152197.015625
1;66;1.185978;154296.140625;154375.000000
1;67;0.174394;155562.687500;155709.250000
1;68;0.944474;155905.625000;156014.468750
1;69;0.302407;156979.828125;157108.921875
1;70;0.020568;157421.421875;157515.171875
1;71;4.574738;157558.375000;157677.359375
1;72;2.089757;162268.359375;162444.906250
1;73;0.694668;164562.796875;164672.187500
1;74;3.252734;165375.421875;165481.921875
1;75;0.074941;168743.093750;168899.437500
1;76;2.237475;169001.062500;169094.531250
1;77;0.002891;171363.468750;171438.562500
1;78;0.617577;171491.875000;171621.703125
1;79;1.737704;172275.671875;172441.703125
1;80;2.358058;174205.796875;174310.859375
1;81;0.270310;176673.515625;176758.890625
1;82;0.692649;177039.750000;177141.812500
1;83;0.358014;177845.500000;177947.828125
1;84;1.331229;178356.609375;178454.937500
1;85;1.603212;179814.421875;179928.875000
1;86;0.464888;181533.343750;181627.093750
1;87;0.627687;182096.296875;182200.687500
1;88;1.602491;182854.750000;182975.093750
1;89;0.316641;184628.093750;184716.593750
1;90;7.435550;185069.875000;185175.015625
1;91;1.511544;192619.390625;192747.437500
1;92;0.323827;194315.968750;194465.437500
1;93;1.611752;194811.687500;194956.671875
1;94;1.425703;196586.859375;196665.484375
1;95;0.016472;198144.796875;198274.312500
1;96;0.233048;198323.281250;198424.375000
1;97;0.691264;198675.796875;198769.593750
1;98;3.164637;199486.296875;199566.515625
1;99;3.393086;202761.890625;202863.046875
1;100;0.039161;206279.109375;206402.781250
1;101;1.128407;206442.781250;206529.312500
1;102;0.269881;207661.953125;207789.859375
1;103;4.150423;208112.468750;208213.468750
1;104;1.372180;212376.234375;212461.078125
1;105;0.835787;213875.078125;213976.781250
1;106;0.372095;214833.765625;214902.687500
1;107;0.002824;215309.453125;215410.718750
1;108;0.896270;215462.953125;215592.359375
1;109;0.500656;216510.000000;216612.968750
1;110;0.381837;217135.421875;217224.640625
1;111;1.129250;217623.328125;217716.109375
1;112;0.156059;218881.062500;218953.000000
1;113;1.581228;219139.093750;219224.875000
1;114;3.062781;220824.468750;220953.203125
1;115;1.000709;224054.531250;224161.765625
1;116;0.571134;225184.937500;225289.859375
1;117;0.108769;225870.921875;226025.000000
1;118;1.709077;226161.812500;226286.671875
1;119;1.080670;228039.656250;228103.140625
1;120;0.297645;229233.296875;229376.421875
1;121;2.375668;229710.343750;229788.218750
1;122;0.649221;232171.968750;232314.953125
1;123;2.552386;233008.437500;233110.359375
1;124;1.195890;235701.593750;235789.156250
1;125;2.091778;237019.468750;237118.500000
1;126;1.771624;239247.765625;239375.078125
1;127;0.157840;241149.062500;241282.234375
1;128;2.826053;241461.578125;241609.765625
1;129;1.235422;244455.625000;244603.640625
1;130;0.100168;245857.875000;245960.375000
1;131;0.342184;246115.484375;246236.953125
1;132;1.420928;246595.812500;246735.156250
1;133;0.120805;248210.468750;248364.296875
1;134;3.680806;248518.328125;248619.734375
1;135;0.150425;252344.531250;252446.484375
1;136;1.296537;252647.765625;252726.187500
1;137;0.696879;254069.796875;254172.265625
1;138;0.445592;254885.015625;254984.031250
1;139;2.012638;255458.968750;255541.187500
1;140;0.719696;257572.687500;257699.890625
1;141;0.269752;258448.625000;258508.421875
1;142;0.128626;258791.671875;258896.546875
1;143;0.507558;259041.781250;259162.828125
1;144;0.809477;259683.359375;259840.609375
1;145;0.882930;260658.437500;260742.906250
1;146;1.282983;261640.609375;261744.156250
1;147;0.042610;263071.875000;263174.781250
1;148;2.226494;263280.375000;263382.125000
1;149;1.630954;265651.625000;265756.656250
1;150;0.368007;267401.843750;267506.281250
1;151;0.454132;267886.343750;267990.281250
1;152;0.126176;268448.875000;268591.750000
1;153;0.589683;268767.218750;268894.687500
1;154;2.605236;269495.812500;269600.843750
1;155;2.676706;272246.062500;272339.843750
1;156;1.851232;275044.750000;275162.500000
1;157;1.617580;277033.093750;277175.500000
1;158;0.185782;278793.687500;278915.531250
1;159;0.026158;279137.468750;279225.125000
1;160;0.755802;279277.781250;279379.062500
1;161;2.496425;280157.843750;280259.437500
1;162;0.948920;282763.250000;282880.437500
1;163;0.511505;283860.687500;284014.500000
1;164;0.852346;284553.625000;284654.531250
1;165;1.327968;285558.593750;285623.593750
1;166;1.722815;286992.593750;287138.312500
1;167;0.991080;288872.937500;288993.187500
1;168;0.077567;289998.062500;290068.031250
1;169;0.234751;290167.250000;290299.125000
1;170;0.113114;290544.906250;290646.593750
1;171;0.380271;290802.406250;290940.312500
1;172;0.303601;291370.531250;291475.125000
1;173;0.758876;291784.218750;291920.062500
1;174;1.828525;292734.093750;292938.750000
1;175;3.080311;294812.906250;294903.593750
1;176;2.694448;298015.531250;298119.406250
1;177;1.486364;300827.250000;300932.375000
1;178;0.003261;302436.906250;302535.718750
1;179;0.751672;302546.281250;302640.125000
1;180;0.184709;303436.906250;303565.406250
1;181;0.492589;303790.437500;303909.031250
1;182;2.648751;304421.593750;304494.156250
1;183;0.102598;307174.062500;307261.437500
1;184;0.959229;307375.156250;307444.031250
1;185;4.899816;308428.343750;308553.656250
1;186;1.284385;313468.656250;313552.875000
1;187;1.017174;314877.531250;314959.375000
1;188;4.559801;316004.031250;316157.000000
1;189;0.661892;320726.000000;320875.406250
1;190;1.608704;321549.187500;321619.281250
1;191;0.774512;323251.781250;323325.125000
1;192;0.243429;324125.906250;324274.875000
1;193;0.024028;324577.906250;324699.937500
1;194;0.758474;324748.968750;324819.843750
1;195;1.628443;325611.468750;325711.437500
1;196;1.373817;327354.218750;327489.625000
1;197;0.706855;328892.843750;329013.000000
1;198;0.426629;329745.781250;329845.437500
1;199;0.317581;330299.156250;330377.406250
1;200;3.625051;330750.250000;330826.906250
1;201;0.094776;334472.375000;334572.593750
1;202;0.226553;334676.781250;334776.687500
1;203;0.384786;335008.531250;335133.218750
1;204;1.702903;335534.093750;335658.843750
1;205;0.137111;337399.000000;337549.906250
1;206;0.592038;337690.562500;337753.125000
1;207;0.034544;338362.500000;338413.875000
1;208;0.021355;338499.906250;338624.406250
1;209;3.385044;338676.750000;338768.781250
1;210;1.571379;342173.250000;342311.000000
1;211;0.094703;343929.406250;344034.718750
1;212;1.230171;344163.781250;344223.187500
1;213;0.533530;345496.718750;345606.312500
1;214;1.996234;346152.750000;346229.156250
1;215;0.132141;348254.156250;348362.468750
1;216;1.332581;348515.687500;348614.656250
1;217;0.274438;349960.750000;350135.031250
1;218;1.307833;350425.250000;350550.500000
1;219;0.020876;351863.937500;351927.093750
1;220;1.725551;351978.031250;352067.062500
1;221;1.715765;353807.468750;353912.437500
1;222;1.357898;355671.218750;355777.406250
1;223;0.139700;357177.062500;357283.343750
1;224;0.190083;357439.218750;357583.343750
1;225;0.576450;357793.625000;357875.187500
1;226;0.814886;358479.906250;358585.156250
1;227;0.235125;359436.750000;359521.062500
1;228;1.928880;359771.125000;359896.062500
2;0;0.315254;60115.855469;60270.281250
2;1;2.964083;60603.710938;60726.363281
2;2;0.524354;63703.332031;63802.089844
2;3;2.369284;64369.765625;64526.835938
2;4;0.442174;66896.187500;66956.898438
2;5;0.135477;67420.250000;67492.351563
2;6;2.106033;67650.937500;67767.617188
2;7;0.679309;69886.914063;69992.875000
2;8;0.570288;70716.585938;70821.359375
2;9;0.114529;71440.085938;71493.148438
2;10;0.651161;71642.695313;71725.687500
2;11;0.968663;72397.648438;72538.406250
2;12;1.314356;73521.890625;73624.960938
2;13;0.061262;74943.984375;75022.093750
2;14;0.950990;75122.875000;75224.953125
2;15;1.331116;76218.039063;76319.039063
2;16;0.382170;77684.453125;77786.460938
2;17;4.418760;78182.617188;78301.328125
2;18;4.827200;82732.640625;82802.015625
2;19;2.275067;87641.218750;87716.703125
2;20;1.186471;90015.625000;90152.585938
2;21;0.010185;91396.578125;91545.460938
2;22;0.261546;91598.382813;91794.609375
2;23;0.283349;92070.734375;92201.695313
2;24;1.295883;92492.656250;92606.976563
2;25;0.146276;93928.953125;94078.078125
2;26;1.567743;94231.750000;94384.320313
2;27;0.415014;95992.773438;96097.578125
2;28;0.001781;96526.898438;96630.484375
2;29;0.234294;96682.054688;96767.578125
2;30;0.643602;97009.156250;97112.703125
2;31;4.932042;97807.476563;97883.875000
2;32;1.193105;102821.921875;103000.789063
2;33;0.975243;104219.351563;104368.898438
2;34;2.018091;105382.187500;105478.390625
2;35;2.422635;107512.781250;107624.968750
2;36;0.156059;110103.671875;110208.734375
2;37;0.401681;110386.179688;110485.390625
2;38;0.491434;110949.726563;111105.578125
2;39;0.148233;111605.125000;111709.804688
2;40;0.947727;111869.960938;111975.257813
2;41;2.243652;112941.664063;113113.109375
2;42;2.273475;115401.335938;115458.609375
2;43;0.328976;117758.648438;117908.820313
2;44;0.398493;118258.335938;118364.640625
2;45;2.575174;118791.890625;118870.445313
2;46;0.527223;121466.914063;121569.359375
2;47;0.198856;122111.156250;122213.812500
2;48;0.826709;122464.273438;122566.812500
2;49;1.315798;123429.156250;123556.664063
2;50;1.285033;124886.906250;124988.468750
2;51;2.482227;126326.726563;126428.093750
2;52;0.246281;128918.476563;128983.648438
2;53;1.055146;129241.078125;129340.851563
2;54;0.901895;130422.859375;130526.804688
2;55;0.108028;131438.640625;131589.546875
2;56;0.111961;131741.984375;131842.531250
2;57;1.308274;132012.125000;132111.250000
2;58;0.393489;133463.953125;133605.671875
2;59;0.115386;134017.296875;134118.937500
2;60;2.570301;134247.125000;134348.609375
2;61;0.332422;136927.250000;136981.468750
2;62;0.351248;137339.984375;137488.781250
2;63;0.404150;137841.250000;137956.125000
2;64;0.784399;138405.125000;138528.953125
2;65;2.900850;139348.375000;139435.125000
2;66;0.354904;142365.484375;142472.890625
2;67;2.370442;142873.000000;142972.109375
2;68;0.287048;145393.781250;145570.515625
2;69;1.865231;145858.375000;145988.718750
2;70;0.360247;147889.156250;147991.703125
2;71;0.634659;148360.453125;148482.953125
2;72;0.200910;149127.921875;149259.343750
2;73;0.423072;149470.984375;149593.953125
2;74;0.723060;150056.546875;150162.406250
2;75;1.464413;150920.734375;151014.515625
2;76;0.655295;152509.031250;152613.375000
2;77;0.369086;153308.406250;153405.390625
2;78;0.176481;153797.031250;153901.828125
2;79;0.057577;154093.031250;154195.203125
2;80;0.858849;154296.078125;154389.250000
2;81;3.141043;155265.687500;155405.562500
2;82;0.255855;158577.750000;158718.468750
2;83;0.321127;158999.828125;159124.703125
2;84;0.510491;159486.968750;159641.500000
2;85;0.596071;160189.562500;160339.296875
2;86;0.083962;160942.875000;161046.796875
2;87;0.270010;161140.562500;161247.468750
2;88;0.679371;161547.906250;161648.187500
2;89;0.233671;162341.718750;162424.265625
2;90;1.184499;162707.718750;162861.437500
2;91;1.178112;164048.921875;164156.390625
2;92;1.849427;165375.390625;165481.921875
2;93;0.431886;167394.843750;167484.968750
2;94;0.061546;167945.250000;168050.125000
2;95;3.774268;168147.859375;168222.265625
2;96;1.540578;172012.312500;172119.171875
2;97;1.897725;173703.328125;173807.296875
2;98;1.960744;175720.453125;175826.515625
2;99;0.217189;177798.578125;177898.265625
2;100;0.636573;178155.453125;178257.359375
2;101;3.278879;178941.531250;179045.750000
2;102;0.667729;182336.859375;182470.937500
2;103;1.039575;183154.078125;183252.750000
2;104;0.364354;184314.906250;184417.328125
2;105;2.241074;184807.125000;184893.984375
2;106;1.543032;187149.187500;187255.015625
2;107;0.425788;188821.734375;188936.687500
2;108;3.918192;189378.937500;189431.781250
2;109;0.616871;193382.109375;193502.625000
2;110;3.050351;194164.828125;194315.953125
2;111;3.086402;197408.421875;197516.031250
2;112;0.460032;200645.796875;200748.062500
2;113;0.644989;201222.953125;201345.125000
2;114;0.129532;202048.687500;202176.171875
2;115;5.459801;202356.328125;202458.578125
2;116;1.690970;207961.765625;208112.453125
2;117;0.432035;209825.453125;209927.750000
2;118;1.620652;210380.156250;210501.078125
2;119;0.388412;212150.859375;212327.093750
2;120;0.637891;212771.234375;212910.140625
2;121;0.551007;213564.390625;213666.515625
2;122;0.300950;214244.062500;214344.546875
2;123;0.819756;214650.578125;214801.328125
2;124;2.242104;215641.734375;215697.140625
2;125;1.416904;217943.843750;218080.171875
2;126;0.794722;219541.703125;219631.187500
2;127;0.840822;220428.125000;220564.828125
2;128;0.652375;221413.593750;221506.375000
2;129;2.123017;222173.281250;222318.906250
2;130;0.758809;224444.171875;224545.843750
2;131;0.890145;225339.187500;225445.312500
2;132;0.206687;226387.203125;226463.203125
2;133;0.279404;226687.156250;226819.390625
2;134;0.087809;227118.765625;227219.812500
2;135;1.931792;227346.171875;227475.718750
2;136;0.147427;229430.875000;229609.890625
2;137;1.193900;229788.250000;229860.546875
2;138;0.018040;231096.687500;231194.859375
2;139;1.696293;231260.296875;231398.062500
2;140;0.401149;233110.375000;233210.687500
2;141;1.697549;233632.171875;233710.812500
2;142;0.177151;235442.265625;235595.546875
2;143;0.526681;235789.109375;235877.015625
2;144;0.032605;236429.796875;236532.328125
2;145;1.146344;236584.812500;236694.437500
2;146;1.835983;237861.390625;237984.546875
2;147;1.090940;239846.593750;239925.062500
2;148;1.150253;241026.078125;241127.609375
2;149;0.689629;242310.171875;242432.906250
2;150;0.013987;243149.328125;243248.312500
2;151;9.465960;243300.906250;243447.750000
2;152;1.687851;252931.437500;253060.859375
2;153;1.793690;254791.796875;254884.921875
2;154;0.374641;256716.046875;256872.640625
2;155;1.362754;257295.203125;257399.062500
2;156;1.776509;258791.609375;258879.453125
2;157;0.020534;260694.265625;260819.640625
2;158;1.421661;260891.031250;261056.812500
2;159;0.858117;262506.406250;262604.531250
2;160;1.480416;263469.562500;263573.312500
2;161;0.445189;265068.875000;265167.312500
2;162;0.127118;265651.625000;265756.656250
2;163;0.330652;265908.093750;266057.937500
2;164;0.616577;266417.375000;266491.750000
2;165;0.527223;267160.718750;267318.437500
2;166;1.244438;267886.312500;267990.281250
2;167;0.297953;269261.437500;269345.718750
2;168;5.642251;269653.281250;269725.906250
2;169;0.896270;275371.468750;275466.187500
2;170;0.633942;276371.562500;276470.718750
2;171;0.511933;277108.656250;277178.312500
2;172;0.714799;277727.187500;277871.687500
2;173;0.027740;278590.531250;278690.875000
2;174;0.820888;278743.906250;278818.187500
2;175;2.450314;279682.031250;279830.625000
2;176;1.766762;282323.218750;282413.437500
2;177;1.393302;284200.562500;284301.656250
2;178;0.914697;285715.062500;285859.406250
2;179;0.171761;286813.625000;286935.156250
2;180;1.580945;287138.312500;287239.437500
2;181;0.231307;288841.687500;288940.718750
2;182;0.770785;289215.156250;289285.843750
2;183;3.542174;290067.031250;290117.781250
2;184;0.452662;293717.156250;293818.843750
2;185;1.127845;294324.343750;294445.343750
2;186;2.519066;295613.875000;295765.375000
2;187;1.279217;298312.531250;298389.500000
2;188;2.957643;299675.812500;299811.875000
2;189;4.678291;302781.812500;302927.125000
2;190;0.119644;307609.281250;307712.406250
2;191;0.745175;307859.250000;307958.906250
2;192;2.263970;308755.875000;308860.468750
2;193;0.361412;311125.375000;311225.687500
2;194;0.459981;311637.125000;311740.250000
2;195;0.012492;312216.062500;312344.125000
2;196;1.827640;312369.281250;312531.812500
2;197;0.519444;314387.062500;314492.281250
2;198;0.157762;315060.312500;315194.156250
2;199;3.577179;315375.187500;315478.156250
2;200;0.358525;319075.156250;319176.281250
2;201;0.157685;319549.187500;319641.781250
2;202;0.036624;319823.187500;319924.500000
2;203;1.710825;319969.937500;320079.062500
2;204;0.127344;321807.812500;321947.531250
2;205;0.036346;322087.000000;322173.250000
2;206;0.187213;322239.718750;322326.437500
2;207;3.589392;322545.468750;322648.781250
2;208;3.112246;326267.468750;326392.500000
2;209;0.853950;329556.531250;329647.281250
2;210;0.697512;330502.312500;330597.187500
2;211;5.238626;331308.500000;331416.218750
2;212;0.809547;336677.062500;336765.562500
2;213;0.072249;337607.156250;337753.031250
2;214;0.381030;337857.875000;337929.312500
2;215;1.677930;338342.218750;338499.875000
2;216;0.040448;340222.093750;340327.906250
2;217;2.041679;340379.343750;340470.437500
2;218;0.005384;342519.218750;342643.125000
2;219;0.563487;342692.625000;342799.718750
2;220;0.218498;343363.687500;343415.906250
2;221;1.072452;343675.062500;343769.406250
2;222;0.574807;344855.718750;344972.562500
2;223;2.140501;345554.250000;345645.937500
2;224;0.219604;347816.625000;347948.968750
2;225;0.636454;348182.656250;348362.468750
2;226;1.389971;349019.906250;349120.687500
2;227;6.082607;350550.500000;350645.031250
2;228;0.774920;356747.812500;356874.531250
2;229;0.539435;357687.843750;357742.093750
2;230;1.206193;358323.406250;358425.625000
2;231;0.101198;359650.468750;359803.187500
3;0;0.797352;60500.562500;60636.875000
3;1;0.514824;61481.613281;61583.101563
3;2;0.493746;62104.617188;62192.578125
3;3;2.960116;62713.406250;62801.976563
3;4;0.666744;65789.554688;65947.171875
3;5;0.213392;66656.164063;66762.375000
3;6;1.226070;67011.835938;67153.773438
3;7;0.138709;68411.812500;68564.023438
3;8;1.437422;68715.078125;68858.289063
3;9;0.383406;70330.710938;70434.937500
3;10;0.193560;70821.390625;70974.945313
3;11;0.129003;71210.546875;71329.062500
3;12;0.563431;71459.164063;71591.156250
3;13;0.312619;72186.437500;72339.906250
3;14;1.195492;72678.046875;72800.640625
3;15;1.456183;74033.937500;74132.375000
3;16;0.813409;75640.250000;75741.648438
3;17;1.710030;76570.007813;76670.593750
3;18;1.239351;78381.945313;78483.609375
3;19;1.363797;79763.953125;79865.484375
3;20;1.573061;81261.320313;81410.804688
3;21;2.775937;83021.335938;83123.609375
3;22;1.316243;85927.718750;86028.671875
3;23;0.867975;87392.171875;87541.507813
3;24;0.132065;88429.726563;88493.937500
3;25;1.026865;88645.648438;88794.250000
3;26;0.654868;89846.367188;89963.000000
3;27;1.410835;90624.992188;90810.906250
3;28;1.317576;92251.898438;92352.000000
3;29;0.379180;93698.015625;93774.015625
3;30;1.376278;94179.359375;94231.734375
3;31;0.059595;95638.617188;95786.781250
3;32;0.090540;95890.539063;95992.765625
3;33;1.724102;96097.617188;96198.804688
3;34;0.021561;97935.593750;98087.023438
3;35;0.815591;98138.695313;98294.070313
3;36;0.110067;99125.031250;99212.093750
3;37;1.257628;99350.703125;99417.000000
3;38;2.168586;100709.515625;100814.125000
3;39;0.738126;103000.812500;103105.828125
3;40;1.212240;103887.734375;103991.281250
3;41;1.534466;105228.757813;105382.179688
3;42;1.331567;106963.765625;107069.234375
3;43;0.862373;108406.265625;108510.257813
3;44;0.874274;109387.367188;109525.687500
3;45;1.122430;110400.789063;110485.390625
3;46;0.691138;111657.906250;111764.257813
3;47;2.901789;112496.593750;112600.929688
3;48;0.719180;115510.812500;115665.710938
3;49;0.266454;116413.476563;116534.078125
3;50;1.465049;116809.546875;116862.390625
3;51;1.820239;118364.664063;118466.335938
3;52;1.478097;120298.757813;120399.656250
3;53;1.991299;121906.984375;122058.281250
3;54;0.520737;124071.960938;124191.890625
3;55;0.342551;124730.515625;124836.875000
3;56;0.824221;125193.187500;125296.835938
3;57;0.052882;126152.523438;126239.265625
3;58;1.855395;126326.726563;126428.101563
3;59;0.492852;128322.242188;128385.179688
3;60;0.219154;128916.968750;129016.632813
3;61;1.900556;129290.210938;129371.585938
3;62;1.223719;131286.781250;131387.437500
3;63;0.089920;132624.875000;132760.828125
3;64;1.209414;132867.890625;133040.046875
3;65;3.383587;134299.312500;134434.593750
3;66;4.838065;137849.703125;137904.359375
3;67;0.875687;142775.031250;142919.921875
3;68;0.454639;143798.640625;143888.718750
3;69;1.204285;144396.828125;144598.765625
3;70;1.526234;145828.437500;145934.828125
3;71;0.458249;147475.031250;147581.156250
3;72;0.579630;148092.343750;148147.281250
3;73;0.063429;148733.000000;148848.656250
3;74;3.036999;148954.109375;149027.718750
3;75;0.240459;152124.890625;152197.203125
3;76;0.149386;152459.890625;152613.375000
3;77;0.683550;152770.625000;152876.140625
3;78;1.787535;153604.531250;153706.437500
3;79;0.052143;155509.687500;155562.984375
3;80;0.119831;155655.671875;155762.906250
3;81;0.452003;155914.125000;156014.500000
3;82;1.093386;156475.937500;156613.406250
3;83;1.142733;157728.000000;157827.703125
3;84;1.665501;158999.765625;159124.703125
3;85;1.430992;160839.171875;160942.875000
3;86;1.141690;162395.109375;162547.921875
3;87;1.254789;163729.984375;163886.593750
3;88;0.744317;165179.937500;165282.671875
3;89;3.762912;166042.765625;166179.640625
3;90;0.470177;169978.953125;170094.625000
3;91;1.243710;170624.812500;170729.765625
3;92;0.112370;172012.328125;172119.171875
3;93;1.157152;172275.671875;172423.078125
3;94;3.036468;173599.031250;173703.312500
3;95;0.945504;176758.906250;176864.421875
3;96;1.149489;177845.484375;177950.046875
3;97;0.772275;179149.156250;179302.421875
3;98;0.099433;180081.203125;180185.671875
3;99;0.389034;180345.890625;180502.703125
3;100;0.074007;180923.890625;181017.718750
3;101;0.297557;181111.484375;181216.609375
3;102;1.598607;181531.203125;181636.718750
3;103;0.175693;183252.796875;183306.593750
3;104;0.368194;183502.359375;183615.031250
3;105;3.738534;183986.750000;184111.765625
3;106;0.447406;187883.078125;188014.234375
3;107;0.587906;188475.453125;188585.156250
3;108;2.112199;189185.671875;189291.406250
3;109;0.420314;191409.437500;191540.484375
3;110;1.068455;192017.125000;192213.453125
3;111;5.109065;193328.109375;193453.437500
3;112;0.624662;198576.968750;198679.234375
3;113;1.674848;199334.718750;199486.281250
3;114;0.279620;201173.546875;201288.968750
3;115;0.510864;201589.671875;201658.359375
3;116;0.226058;202176.265625;202301.187500
3;117;0.630661;202560.046875;202661.796875
3;118;1.425090;203343.562500;203445.609375
3;119;2.218645;204893.593750;205044.921875
3;120;0.780093;207299.671875;207419.343750
3;121;1.043555;208213.437500;208314.890625
3;122;0.071389;209380.625000;209533.796875
3;123;0.516487;209625.109375;209723.828125
3;124;0.098882;210297.593750;210399.468750
3;125;1.040352;210507.718750;210630.187500
3;126;1.551941;211723.859375;211825.781250
3;127;0.902124;213409.562500;213512.187500
3;128;1.463778;214427.515625;214548.796875
3;129;0.062469;216043.718750;216194.000000
3;130;0.286786;216298.734375;216404.531250
3;131;1.661389;216720.218750;216822.921875
3;132;7.852989;218496.703125;218631.031250
3;133;3.972749;226493.625000;226599.015625
3;134;2.890114;230617.218750;230757.078125
3;135;1.012444;233686.031250;233815.906250
3;136;3.721588;234843.468750;234976.500000
3;137;0.263293;238740.828125;238890.328125
3;138;0.670875;239194.468750;239298.734375
3;139;0.330607;239977.078125;240126.250000
3;140;0.373320;240471.390625;240572.687500
3;141;0.350601;240945.921875;241078.593750
3;142;0.686366;241431.437500;241508.406250
3;143;2.356055;242211.687500;242316.453125
3;144;2.121168;244687.140625;244775.218750
3;145;0.173882;246938.296875;247041.078125
3;146;0.720278;247241.421875;247341.781250
3;147;2.108769;248108.546875;248259.156250
3;148;0.119233;250373.109375;250455.890625
3;149;0.351571;250591.265625;250739.812500
3;150;0.627212;251127.250000;251229.156250
3;151;0.151503;251888.734375;252007.671875
3;152;0.602264;252189.703125;252290.890625
3;153;0.241253;252931.437500;253108.296875
3;154;0.078757;253383.312500;253523.906250
3;155;2.299232;253610.765625;253676.531250
3;156;1.092027;255979.000000;256030.656250
3;157;0.009237;257135.203125;257240.468750
3;158;3.818740;257295.218750;257399.062500
3;159;0.329157;261266.703125;261443.140625
3;160;4.661890;261793.000000;261893.437500
3;161;0.227750;266589.312500;266692.000000
3;162;0.607791;266951.875000;267105.656250
3;163;1.399994;267736.343750;267886.250000
3;164;1.357898;269292.718750;269396.593750
3;165;2.764275;270802.187500;270886.593750
3;166;2.071508;273670.843750;273761.875000
3;167;1.046159;275875.125000;275978.937500
3;168;0.701697;277033.093750;277175.500000
3;169;0.747226;277918.593750;278031.781250
3;170;3.538818;278793.718750;278903.062500
3;171;0.796105;282460.125000;282609.031250
3;172;1.977231;283441.906250;283541.531250
3;173;2.216628;285558.593750;285661.531250
3;174;0.694037;287889.000000;287974.406250
3;175;0.071998;288697.218750;288798.562500
3;176;0.110401;288872.875000;288975.656250
3;177;5.903413;289112.531250;289215.156250
3;178;0.662199;295169.250000;295264.218750
3;179;1.243398;295967.125000;296069.375000
3;180;0.809337;297327.625000;297429.625000
3;181;0.021526;298271.156250;298365.937500
3;182;0.219318;298417.687500;298522.875000
3;183;4.690157;298751.218750;298902.312500
3;184;0.602728;303618.468750;303675.125000
3;185;2.557868;304317.093750;304435.531250
3;186;0.926948;307017.437500;307174.062500
3;187;0.429651;308118.187500;308223.531250
3;188;0.060304;308657.281250;308755.843750
3;189;1.045030;308860.531250;308964.312500
3;190;0.009440;310037.812500;310163.218750
3;191;0.145088;310217.625000;310365.406250
3;192;1.759425;310515.812500;310575.125000
3;193;0.656391;312344.218750;312474.343750
3;194;1.629772;313142.625000;313250.500000
3;195;0.918946;314907.750000;315010.000000
3;196;1.025670;315953.468750;316051.468750
3;197;0.978996;317090.593750;317193.531250
3;198;1.454670;318192.843750;318342.468750
3;199;0.413546;319823.187500;319924.500000
3;200;0.194761;320382.500000;320521.906250
3;201;0.706217;320726.000000;320875.406250
3;202;0.991410;321600.906250;321720.125000
3;203;1.257523;322747.406250;322850.437500
3;204;1.484291;324125.906250;324274.906250
3;205;0.122530;325813.562500;325931.531250
3;206;0.495746;326087.031250;326238.593750
3;207;0.106363;326752.437500;326903.312500
3;208;0.284610;327041.812500;327133.468750
3;209;2.187061;327440.437500;327537.687500
3;210;0.373839;329745.781250;329845.437500
3;211;0.177900;330226.031250;330326.156250
3;212;0.352080;330526.593750;330648.750000
3;213;2.815151;331015.000000;331163.750000
3;214;3.802650;334010.562500;334063.750000
3;215;0.215146;337893.718750;338034.625000
3;216;0.046805;338292.812500;338447.281250
3;217;2.330344;338519.250000;338624.406250
3;218;2.167140;340980.718750;341086.562500
3;219;0.943682;343258.312500;343362.125000
3;220;0.824647;344340.000000;344410.000000
3;221;1.210321;345253.875000;345343.843750
3;222;2.557181;346598.718750;346691.812500
3;223;1.906429;349269.937500;349358.500000
3;224;2.736861;351307.625000;351463.750000
3;225;0.492012;354242.531250;354351.437500
3;226;0.696689;354873.531250;354942.437500
3;227;0.725719;355671.250000;355777.406250
3;228;3.230356;356520.687500;356643.718750
3;229;3.762912;359896.062500;359974.218750
4;0;1.721209;60115.855469;60219.523438
4;1;0.730273;61947.203125;62049.925781
4;2;0.027947;62802.964844;62906.472656
4;3;0.024097;62961.125000;63043.937500
4;4;0.284697;63116.570313;63253.824219
4;5;0.533639;63563.535156;63703.324219
4;6;6.747947;64264.792969;64411.523438
4;7;0.223752;71210.546875;71348.171875
4;8;0.278669;71591.195313;71725.671875
4;9;1.638819;72026.062500;72128.421875
4;10;0.267952;73805.195313;73943.453125
4;11;1.756770;74232.625000;74296.460938
4;12;0.348019;76098.960938;76218.031250
4;13;2.417787;76569.960938;76670.593750
4;14;0.462790;79116.203125;79195.210938
4;15;0.367350;79663.859375;79763.929688
4;16;0.507877;80170.250000;80269.953125
4;17;0.625136;80813.968750;80913.281250
4;18;1.147963;81553.992188;81680.625000
4;19;0.217884;82851.828125;82952.054688
4;20;0.537080;83191.734375;83324.578125
4;21;2.330903;83868.679688;84021.718750
4;22;7.811474;86374.703125;86460.750000
4;23;0.810950;94281.296875;94383.460938
4;24;1.629920;95213.609375;95357.023438
4;25;1.273540;97008.343750;97086.875000
4;26;0.094081;98398.359375;98493.328125
4;27;0.958266;98628.132813;98699.609375
4;28;0.295754;99696.539063;99799.437500
4;29;1.194994;100112.484375;100244.632813
4;30;0.204098;101446.726563;101551.125000
4;31;2.789419;101791.648438;101908.773438
4;32;0.659505;104723.953125;104876.859375
4;33;0.254881;105579.945313;105682.593750
4;34;0.393969;105978.562500;106069.781250
4;35;0.287745;106481.507813;106604.265625
4;36;0.590774;106909.062500;106994.171875
4;37;1.056548;107607.187500;107697.367188
4;38;0.258654;108765.789063;108970.414063
4;39;2.875807;109249.859375;109426.382813
4;40;0.839885;112320.078125;112445.328125
4;41;0.264104;113293.898438;113385.476563
4;42;2.003472;113680.070313;113776.148438
4;43;4.066091;115792.007813;115955.335938
4;44;0.032640;120047.054688;120164.226563
4;45;0.711333;120216.515625;120348.234375
4;46;1.740478;121093.187500;121247.062500
4;47;2.554096;123024.156250;123126.109375
4;48;1.637777;125689.687500;125746.156250
4;49;2.904139;127416.921875;127558.851563
4;50;0.962043;130475.007813;130574.804688
4;51;0.702778;131589.546875;131688.968750
4;52;0.162577;132403.140625;132572.078125
4;53;4.087955;132747.031250;132830.390625
4;54;3.571123;136927.250000;137028.656250
4;55;6.439270;140607.203125;140724.984375
4;56;2.993284;147184.453125;147286.750000
4;57;0.602032;150311.296875;150410.062500
4;58;0.333740;151014.484375;151118.765625
4;59;1.487272;151465.437500;151608.281250
4;60;0.093715;153108.515625;153209.437500
4;61;2.366395;153314.156250;153405.390625
4;62;0.029463;155811.875000;155905.609375
4;63;0.557954;155952.562500;156014.453125
4;64;0.052847;156613.468750;156702.578125
4;65;1.898857;156770.312500;156905.734375
4;66;1.732665;158819.109375;158872.375000
4;67;0.117251;160640.546875;160734.281250
4;68;1.267466;160893.015625;161048.703125
4;69;0.565843;162341.687500;162444.906250
4;70;0.527223;163017.921875;163156.390625
4;71;3.194246;163729.984375;163835.593750
4;72;0.888638;167037.250000;167188.109375
4;73;2.660753;168094.437500;168226.953125
4;74;0.803189;170907.843750;170984.140625
4;75;0.712615;171831.375000;171922.921875
4;76;0.426035;172687.828125;172841.578125
4;77;3.178436;173288.765625;173438.718750
4;78;0.185782;176656.953125;176737.609375
4;79;0.155672;176966.218750;177039.734375
4;80;0.419920;177208.375000;177354.968750
4;81;0.097340;177795.718750;177898.265625
4;82;0.402988;178002.421875;178155.468750
4;83;0.096644;178584.750000;178664.156250
4;84;2.271885;178770.640625;178886.890625
4;85;0.372613;181165.437500;181271.078125
4;86;1.596169;181689.625000;181882.359375
4;87;0.706345;183502.312500;183671.390625
4;88;0.771800;184417.359375;184471.140625
4;89;1.306291;185281.171875;185387.125000
4;90;0.846822;186747.531250;186820.859375
4;91;0.735568;187675.968750;187753.609375
4;92;0.875167;188518.468750;188606.640625
4;93;0.114454;189489.921875;189587.312500
4;94;0.438768;189746.437500;189851.093750
4;95;0.324323;190325.156250;190413.953125
4;96;0.475595;190753.859375;190908.078125
4;97;1.588460;191409.390625;191540.484375
4;98;3.316558;193158.421875;193278.718750
4;99;0.038778;196613.156250;196698.078125
4;100;0.962526;196753.718750;196863.156250
4;101;2.017251;197864.406250;197993.562500
4;102;3.477714;200033.375000;200134.093750
4;103;1.158499;203621.328125;203692.156250
4;104;1.763755;204893.593750;205044.921875
4;105;0.084469;206846.656250;206948.093750
4;106;0.536260;207047.343750;207129.796875
4;107;1.198382;207714.515625;207812.421875
4;108;1.847805;209024.281250;209091.734375
4;109;0.048628;210961.265625;211058.796875
4;110;2.879481;211116.687500;211219.343750
4;111;0.275947;214099.312500;214194.109375
4;112;0.005823;214495.906250;214548.812500
4;113;1.099481;214598.234375;214699.984375
4;114;0.523219;215833.859375;215991.734375
4;115;0.100941;216541.750000;216630.812500
4;116;0.150232;216773.296875;216928.906250
4;117;3.627773;217084.687500;217225.546875
4;118;1.394017;220865.718750;221004.718750
4;119;1.693315;222437.578125;222539.640625
4;120;1.447138;224252.421875;224354.328125
4;121;0.784810;225819.421875;225920.187500
4;122;1.144252;226724.593750;226827.312500
4;123;0.479845;227988.421875;228093.656250
4;124;1.706065;228592.687500;228716.656250
4;125;1.021159;230449.781250;230601.062500
4;126;3.041254;231661.500000;231816.593750
4;127;1.196687;234894.625000;234980.843750
4;128;1.019546;236179.781250;236336.125000
4;129;0.068027;237367.609375;237467.703125
4;130;0.644868;237575.265625;237718.718750
4;131;1.639266;238404.234375;238505.734375
4;132;1.097021;240179.000000;240266.218750
4;133;0.148771;241384.000000;241508.406250
4;134;0.121780;241709.781250;241773.156250
4;135;0.392817;241933.093750;242091.468750
4;136;0.317850;242502.125000;242649.203125
4;137;0.768825;243006.390625;243149.312500
4;138;1.714328;243930.609375;244065.906250
4;139;0.302275;245809.593750;245910.703125
4;140;0.168587;246236.984375;246337.453125
4;141;1.053832;246543.046875;246618.359375
4;142;0.438417;247701.718750;247790.375000
4;143;0.336016;248260.359375;248364.296875
4;144;0.413888;248718.218750;248853.250000
4;145;2.472015;249282.203125;249389.937500
4;146;0.944870;251884.578125;252007.671875
4;147;2.517409;252981.000000;253070.656250
4;148;0.568148;255592.125000;255687.031250
4;149;0.308701;256303.359375;256445.218750
4;150;2.039962;256767.015625;256862.187500
4;151;1.034318;258916.578125;259003.359375
4;152;0.447154;260052.265625;260125.078125
4;153;0.685990;260613.437500;260743.562500
4;154;0.874869;261443.156250;261546.828125
4;155;0.267181;262455.093750;262603.281250
4;156;2.768842;262916.500000;263017.187500
4;157;1.726357;265811.812500;265908.093750
4;158;0.617282;267662.437500;267736.343750
4;159;1.106802;268358.000000;268414.593750
4;160;0.798600;269549.656250;269725.906250
4;161;0.441673;270542.656250;270700.031250
4;162;0.189644;271197.187500;271277.281250
4;163;0.578266;271480.406250;271568.968750
4;164;0.416189;272192.406250;272292.968750
4;165;0.878295;272753.093750;272839.968750
4;166;1.346307;273761.968750;273866.125000
4;167;5.315923;275215.875000;275369.687500
4;168;0.495377;280704.906250;280807.187500
4;169;0.986461;281311.062500;281365.343750
4;170;0.386693;282376.843750;282509.187500
4;171;0.324503;282933.625000;283054.468750
4;172;2.660376;283387.906250;283475.093750
4;173;1.010339;286141.781250;286267.187500
4;174;0.390469;287309.125000;287411.812500
4;175;0.233546;287839.437500;287960.750000
4;176;0.226842;288213.187500;288341.625000
4;177;1.714488;288595.906250;288746.093750
4;178;2.501960;290466.812500;290596.968750
4;179;0.355831;293138.968750;293240.531250
4;180;0.207498;293614.906250;293717.156250
4;181;0.694352;293951.562500;294019.500000
4;182;2.366972;294726.500000;294865.468750
4;183;0.692460;297244.187500;297342.531250
4;184;0.757204;298068.187500;298217.656250
4;185;1.516197;298989.625000;299133.343750
4;186;0.597919;300699.625000;300827.312500
4;187;0.383739;301436.781250;301522.937500
4;188;0.035063;301933.875000;301987.875000
4;189;0.171133;302039.156250;302144.562500
4;190;0.120655;302333.562500;302436.906250
4;191;0.029532;302590.375000;302678.656250
4;192;0.339256;302729.843750;302830.468750
4;193;1.721048;303188.500000;303293.750000
4;194;0.247457;305031.843750;305137.250000
4;195;0.505695;305406.031250;305505.250000
4;196;0.104516;306018.468750;306167.031250
4;197;0.747359;306312.281250;306446.281250
4;198;0.496484;307227.625000;307303.562500
4;199;1.217507;307814.125000;307958.906250
4;200;0.061440;309222.718750;309364.875000
4;201;0.439919;309469.250000;309575.062500
4;202;1.296646;310037.812500;310163.218750
4;203;0.117737;311481.093750;311585.750000
4;204;1.299378;311711.875000;311862.218750
4;205;0.031085;313194.093750;313313.937500
4;206;0.749812;313365.687500;313500.531250
4;207;1.691751;314263.281250;314359.937500
4;208;0.040727;316104.500000;316251.593750
4;209;1.943517;316302.687500;316367.937500
4;210;0.893997;318342.500000;318414.406250
4;211;0.431190;319344.875000;319431.562500
4;212;2.272945;319924.500000;320026.500000
4;213;0.070995;322326.437500;322445.750000
4;214;0.393681;322545.468750;322646.500000
4;215;1.413865;323054.343750;323155.968750
4;216;2.308775;324579.781250;324662.718750
4;217;0.174866;327006.000000;327083.687500
4;218;1.167776;327268.187500;327406.531250
4;219;0.184312;328580.343750;328711.187500
4;220;0.220383;328912.312500;329033.375000
4;221;0.301171;329299.062500;329456.406250
4;222;4.135911;329796.968750;329897.937500
4;223;0.854899;334063.812500;334164.593750
4;224;0.760483;335080.562500;335133.218750
4;225;0.314494;335908.562500;336010.062500
4;226;2.509822;336346.218750;336464.937500
4;227;0.616283;338988.281250;339120.750000
4;228;0.530481;339762.093750;339841.125000
4;229;0.622591;340379.406250;340479.406250
4;230;0.557898;341138.937500;341227.906250
4;231;0.139700;341804.843750;341910.062500
4;232;1.383221;342068.968750;342206.687500
4;233;0.388030;343623.468750;343769.406250
4;234;4.418760;344163.781250;344235.437500
4;235;0.794791;348667.500000;348816.812500
4;236;0.033851;349629.375000;349733.312500
4;237;0.024577;349785.343750;349925.156250
4;238;0.377807;349960.750000;350135.031250
4;239;1.211533;350550.500000;350646.093750
4;240;1.504272;351871.750000;351978.000000
4;241;0.138443;353527.968750;353651.437500
4;242;4.899816;353807.468750;353984.812500
4;243;0.739309;358906.125000;359011.375000
4;244;2.733632;359771.062500;359896.062500


