
HORA INICIO DE MEDICION:  Mon Oct 17 09:18:28 2022

HORA FIN DE MEDICION: Mon Oct 17 09:23:28 2022
 

Parametros del experimento: 
Nº Usuarios: 5; Tpo. Reflex (seg): 1.100000; IP servidor: 192.168.203.238; Transitorio (seg): 60; Medicion (seg): 300 
N. usu.; N. pet.; Tpo Reflex(Seg); Tpo. Ini.(mseg); Tpo. Fin(mseg)
0;0;1.493910;60090.253906;60176.156250
0;1;1.124854;61703.425781;61809.621094
0;2;0.004070;62941.402344;63043.601563
0;3;0.425541;63097.308594;63214.789063
0;4;2.830004;63659.082031;63785.058594
0;5;1.079058;66642.601563;66762.742188
0;6;4.015841;67856.625000;67966.054688
0;7;0.139319;72008.515625;72167.640625
0;8;3.404890;72322.546875;72419.578125
0;9;0.999709;75864.976563;75964.804688
0;10;1.996646;77011.976563;77132.101563
0;11;0.343973;79148.164063;79253.429688
0;12;0.068348;79609.648438;79732.382813
0;13;0.397240;79843.203125;79944.023438
0;14;0.991906;80342.281250;80420.398438
0;15;0.858117;81458.546875;81577.101563
0;16;0.115050;82467.546875;82568.953125
0;17;0.166125;82722.648438;82848.140625
0;18;1.100210;83040.492188;83189.984375
0;19;0.862446;84337.875000;84448.585938
0;20;0.667791;85311.593750;85404.046875
0;21;2.184368;86090.765625;86193.007813
0;22;0.711525;88405.171875;88507.507813
0;23;1.970566;89240.218750;89388.382813
0;24;0.870046;91364.828125;91468.453125
0;25;0.602496;92374.960938;92515.125000
0;26;0.176087;93140.515625;93220.882813
0;27;0.278020;93444.218750;93532.164063
0;28;1.815507;93828.125000;93929.304688
0;29;0.567697;95752.914063;95843.914063
0;30;1.419707;96437.773438;96538.093750
0;31;0.706281;98007.398438;98202.539063
0;32;0.714735;98952.273438;99060.257813
0;33;0.038465;99813.117188;99899.789063
0;34;0.240334;99948.820313;100031.851563
0;35;0.119906;100292.718750;100446.507813
0;36;0.047892;100602.210938;100668.750000
0;37;0.285001;100724.156250;100829.921875
0;38;0.253528;101133.601563;101235.093750
0;39;0.838301;101544.117188;101641.445313
0;40;1.249340;102505.679688;102636.578125
0;41;1.101580;103913.468750;104071.820313
0;42;1.656989;105181.710938;105282.414063
0;43;0.369556;106962.195313;107068.179688
0;44;0.845446;107451.875000;107506.093750
0;45;0.185066;108402.234375;108555.835938
0;46;1.067125;108766.875000;108868.789063
0;47;0.656635;109948.195313;110050.804688
0;48;0.255897;110726.890625;110848.539063
0;49;2.911693;111138.789063;111283.039063
0;50;0.111218;114214.867188;114356.656250
0;51;0.170271;114514.375000;114618.343750
0;52;0.281830;114821.398438;114927.609375
0;53;0.240626;115222.625000;115369.398438
0;54;0.671617;115615.632813;115717.937500
0;55;0.218253;116416.968750;116617.664063
0;56;3.049814;116849.132813;116951.281250
0;57;0.074366;120037.609375;120165.617188
0;58;0.637652;120265.187500;120393.390625
0;59;1.196687;121053.007813;121152.921875
0;60;0.976792;122383.429688;122526.609375
0;61;1.069785;123551.703125;123628.101563
0;62;1.826403;124712.539063;124813.687500
0;63;1.438290;126645.218750;126762.312500
0;64;4.066091;128248.390625;128366.242188
0;65;0.487924;132453.625000;132603.375000
0;66;3.273600;133103.250000;133223.515625
0;67;0.187134;136514.875000;136581.234375
0;68;0.753801;136807.000000;136957.656250
0;69;0.541355;137723.781250;137879.296875
0;70;0.096974;138435.765625;138567.250000
0;71;0.059347;138715.078125;138789.062500
0;72;3.375614;138892.812500;138989.171875
0;73;0.600756;142364.875000;142498.687500
0;74;0.314941;143127.796875;143231.984375
0;75;0.477355;143583.359375;143703.000000
0;76;3.224045;144225.109375;144328.312500
0;77;3.339382;147562.250000;147703.531250
0;78;0.922202;151052.921875;151193.531250
0;79;0.441121;152175.734375;152277.140625
0;80;0.244938;152736.156250;152841.750000
0;81;1.181841;153125.546875;153229.671875
0;82;3.641483;154460.000000;154656.546875
0;83;2.160181;158303.875000;158458.140625
0;84;1.218422;160639.968750;160694.671875
0;85;0.652983;161920.875000;162038.437500
0;86;2.319507;162732.234375;162866.656250
0;87;1.074947;165198.421875;165323.125000
0;88;1.654569;166406.187500;166562.968750
0;89;0.166047;168266.203125;168367.343750
0;90;0.116803;168554.812500;168661.718750
0;91;0.011067;168804.828125;168914.890625
0;92;1.025499;168931.562500;169015.500000
0;93;0.318881;170066.000000;170154.390625
0;94;0.380888;170498.234375;170617.515625
0;95;2.527719;171008.250000;171171.437500
0;96;0.575600;173723.406250;173821.000000
0;97;2.044691;174399.156250;174502.671875
0;98;0.416680;176580.453125;176737.781250
0;99;0.079695;177196.406250;177353.390625
0;100;0.338799;177458.390625;177618.328125
0;101;2.683230;177976.640625;178129.734375
0;102;3.102624;180821.812500;180977.968750
0;103;0.626500;184130.656250;184228.281250
0;104;0.325405;184894.171875;185079.750000
0;105;0.360760;185451.765625;185572.218750
0;106;0.050525;185956.765625;186122.437500
0;107;1.960544;186226.281250;186383.625000
0;108;3.341480;188363.078125;188521.890625
0;109;0.681240;191870.812500;191970.765625
0;110;2.350922;192683.203125;192786.687500
0;111;0.981370;195156.718750;195291.968750
0;112;1.028574;196297.015625;196451.562500
0;113;0.724291;197510.984375;197614.890625
0;114;0.811862;198380.828125;198535.250000
0;115;0.950671;199358.031250;199466.250000
0;116;2.301678;200439.468750;200538.625000
0;117;0.109325;202884.265625;203035.921875
0;118;0.063821;203186.140625;203288.218750
0;119;3.810130;203387.734375;203486.828125
0;120;0.569555;207314.921875;207505.031250
0;121;0.536369;208094.890625;208195.656250
0;122;1.188052;208748.265625;208906.171875
0;123;0.607033;210111.718750;210212.140625
0;124;0.155440;210824.937500;210914.906250
0;125;0.289884;211096.718750;211231.156250
0;126;0.122605;211549.203125;211650.406250
0;127;3.035407;211822.890625;211945.578125
0;128;1.206193;214982.593750;215131.593750
0;129;0.923056;216358.515625;216466.109375
0;130;1.871285;217419.375000;217556.625000
0;131;0.030049;219467.421875;219567.984375
0;132;0.877698;219621.921875;219832.703125
0;133;3.308375;220725.500000;220919.703125
0;134;0.083962;224276.734375;224426.515625
0;135;0.829774;224529.562500;224633.796875
0;136;1.678702;225467.078125;225546.328125
0;137;0.509797;227264.140625;227364.906250
0;138;0.619285;227898.250000;228014.250000
0;139;1.257313;228643.718750;228764.265625
0;140;0.622650;230030.046875;230146.078125
0;141;1.744569;230794.156250;230936.421875
0;142;4.360661;232707.078125;232886.421875
0;143;1.435563;237273.015625;237372.796875
0;144;1.259420;238823.500000;238924.046875
0;145;0.559125;240187.390625;240339.765625
0;146;0.826140;240920.671875;241023.109375
0;147;1.668557;241866.468750;241969.921875
0;148;0.186736;243662.078125;243763.359375
0;149;3.523015;243966.343750;244120.656250
0;150;0.352681;247701.937500;247854.015625
0;151;0.132254;248226.171875;248288.421875
0;152;2.261606;248422.671875;248549.531250
0;153;0.537518;250839.656250;251026.593750
0;154;0.137720;251588.765625;251744.515625
0;155;1.183416;251915.218750;252016.390625
0;156;1.166903;253212.437500;253313.296875
0;157;2.050305;254500.781250;254561.578125
0;158;0.178177;256642.265625;256739.484375
0;159;2.404264;256955.875000;257032.937500
0;160;0.492484;259442.156250;259580.046875
0;161;0.656270;260085.468750;260242.375000
0;162;0.650736;260927.109375;261130.593750
0;163;1.796952;261803.593750;261907.828125
0;164;1.610445;263725.312500;263879.156250
0;165;6.099662;265542.906250;265699.750000
0;166;1.533518;271842.906250;271943.968750
0;167;0.367397;273519.093750;273651.875000
0;168;0.653347;274037.093750;274247.468750
0;169;1.325389;274909.843750;275070.593750
0;170;0.164447;276409.968750;276555.062500
0;171;0.659322;276748.281250;276852.218750
0;172;0.731187;277569.718750;277635.125000
0;173;0.575487;278388.937500;278523.937500
0;174;0.316551;279123.937500;279207.343750
0;175;0.456519;279564.000000;279663.875000
0;176;0.547412;280129.156250;280218.093750
0;177;0.314181;280769.812500;280926.062500
0;178;0.255643;281260.000000;281316.343750
0;179;0.852856;281595.937500;281701.281250
0;180;0.040727;282567.281250;282711.968750
0;181;0.255855;282756.000000;282848.593750
0;182;1.690970;283113.812500;283181.656250
0;183;0.055739;284879.625000;284987.125000
0;184;3.424347;285051.500000;285112.593750
0;185;0.927182;288551.906250;288619.843750
0;186;3.097564;289552.000000;289646.000000
0;187;0.070458;292755.468750;292816.531250
0;188;2.334542;292896.093750;292969.375000
0;189;1.392825;295318.250000;295400.000000
0;190;0.383977;296802.750000;296902.187500
0;191;2.454995;297287.156250;297347.500000
0;192;1.893212;299803.093750;299866.906250
0;193;0.318971;301772.062500;301875.187500
0;194;1.193503;302193.937500;302252.250000
0;195;1.636736;303459.718750;303561.000000
0;196;0.901514;305209.906250;305263.968750
0;197;2.397416;306178.781250;306283.375000
0;198;0.263165;308694.656250;308793.750000
0;199;1.464540;309069.687500;309123.593750
0;200;2.382674;310601.093750;310688.687500
0;201;0.136997;313085.718750;313185.593750
0;202;0.511612;313335.750000;313389.281250
0;203;0.369180;313913.968750;314012.656250
0;204;0.616812;314382.750000;314453.812500
0;205;0.111850;315070.343750;315167.718750
0;206;0.048839;315289.093750;315368.781250
0;207;0.128211;315429.718750;315483.656250
0;208;0.611707;315617.250000;315694.093750
0;209;1.390922;316320.468750;316397.687500
0;210;0.322071;317789.375000;317853.218750
0;211;0.814253;318180.031250;318270.187500
0;212;0.337247;319086.375000;319154.906250
0;213;0.471826;319492.687500;319569.781250
0;214;1.826757;320055.218750;320134.312500
0;215;2.185102;321961.687500;322049.156250
0;216;0.175693;324243.156250;324304.468750
0;217;0.253781;324493.187500;324593.468750
0;218;0.072751;324852.625000;324921.937500
0;219;0.939968;325008.875000;325105.531250
0;220;1.471426;326055.875000;326109.593750
0;221;1.896407;327587.281250;327698.093750
0;222;0.524948;329603.093750;329677.406250
0;223;0.226430;330212.562500;330319.968750
0;224;0.108806;330556.343750;330654.437500
0;225;0.960434;330775.093750;330835.781250
0;226;0.548462;331806.468750;331917.062500
0;227;2.530061;332478.437500;332543.687500
0;228;1.655627;335088.093750;335159.062500
0;229;1.794891;336822.625000;336877.656250
0;230;1.192808;338682.218750;338794.218750
0;231;0.019987;339994.843750;340057.156250
0;232;0.652557;340088.593750;340155.125000
0;233;0.415455;340807.437500;340913.250000
0;234;1.772465;341338.718750;341431.343750
0;235;2.805646;343213.937500;343288.906250
0;236;1.764923;346104.843750;346180.812500
0;237;0.006059;347948.812500;348039.187500
0;238;1.267573;348058.218750;348147.031250
0;239;1.891711;349417.718750;349478.687500
0;240;0.234876;351371.062500;351459.468750
0;241;0.448667;351699.218750;351797.000000
0;242;1.951008;352246.156250;352318.875000
0;243;5.408192;354277.625000;354351.968750
0;244;1.797468;359762.562500;359839.437500
1;0;1.936077;60948.382813;61048.449219
1;1;0.069921;62996.707031;63097.289063
1;2;1.277930;63198.230469;63300.359375
1;3;6.970408;64593.425781;64781.480469
1;4;0.768285;71799.804688;71905.968750
1;5;0.210421;72731.007813;72861.953125
1;6;1.035092;73107.242188;73237.023438
1;7;0.636873;74294.843750;74400.601563
1;8;0.953623;75057.414063;75201.101563
1;9;1.160039;76159.851563;76220.726563
1;10;0.414720;77420.093750;77520.929688
1;11;0.146352;77967.757813;78081.468750
1;12;0.769501;78263.054688;78362.734375
1;13;1.924817;79148.359375;79238.281250
1;14;0.413595;81184.250000;81281.476563
1;15;0.731383;81730.296875;81865.875000
1;16;0.902581;82608.148438;82722.625000
1;17;0.971907;83639.843750;83741.906250
1;18;0.234751;84751.109375;84873.742188
1;19;0.795482;85144.859375;85265.117188
1;20;0.040832;86090.765625;86194.570313
1;21;1.679938;86281.359375;86381.656250
1;22;1.617141;88084.695313;88164.820313
1;23;0.175063;89816.781250;89921.460938
1;24;0.649039;90155.031250;90298.156250
1;25;0.606159;90980.429688;91124.656250
1;26;2.342137;91769.453125;91912.515625
1;27;1.761255;94269.414063;94420.929688
1;28;0.373697;96233.421875;96335.593750
1;29;0.338068;96727.593750;96799.468750
1;30;4.733968;97141.687500;97294.601563
1;31;0.562031;102047.703125;102164.875000
1;32;0.425392;102737.351563;102844.664063
1;33;2.309871;103307.304688;103419.250000
1;34;0.458860;105768.515625;105943.445313
1;35;1.652758;106433.882813;106592.023438
1;36;1.772801;108268.148438;108402.234375
1;37;1.750817;110226.765625;110300.914063
1;38;2.932254;112064.437500;112159.000000
1;39;1.368097;115111.601563;115216.554688
1;40;1.219235;116617.687500;116742.070313
1;41;1.969761;117973.296875;118075.117188
1;42;2.515095;120065.726563;120217.031250
1;43;0.836576;122750.156250;122901.429688
1;44;0.187094;123764.859375;123902.773438
1;45;0.187930;124110.257813;124238.406250
1;46;1.265980;124440.781250;124534.460938
1;47;0.963009;125819.875000;125947.773438
1;48;1.529735;126929.734375;127035.656250
1;49;0.290059;128599.546875;128748.328125
1;50;0.965752;129050.585938;129220.632813
1;51;0.567191;130210.570313;130333.726563
1;52;0.042470;130926.804688;131026.296875
1;53;0.250067;131114.250000;131198.171875
1;54;3.810130;131473.515625;131594.968750
1;55;3.796279;135431.250000;135558.671875
1;56;0.458758;139395.468750;139500.453125
1;57;1.969158;140004.859375;140119.734375
1;58;2.093128;142099.796875;142192.578125
1;59;2.027169;144328.328125;144429.734375
1;60;1.184400;146458.671875;146563.984375
1;61;0.926558;147755.703125;147845.296875
1;62;0.058072;148787.031250;148892.953125
1;63;0.915314;148990.250000;149091.000000
1;64;2.135577;150035.828125;150156.484375
1;65;2.097865;152331.437500;152448.187500
1;66;1.185978;154564.218750;154708.750000
1;67;0.174394;155897.437500;155983.031250
1;68;0.944474;156164.859375;156283.765625
1;69;0.302407;157248.218750;157391.843750
1;70;0.020568;157698.562500;157764.875000
1;71;4.574738;157787.984375;157954.328125
1;72;2.089757;162548.218750;162682.187500
1;73;0.694668;164810.250000;164911.984375
1;74;3.252734;165621.921875;165731.531250
1;75;0.074941;169007.937500;169121.921875
1;76;2.237475;169228.234375;169383.500000
1;77;0.002891;171650.062500;171753.968750
1;78;0.617577;171789.468750;171843.796875
1;79;1.737704;172493.593750;172598.750000
1;80;2.358058;174345.421875;174446.031250
1;81;0.270310;176805.656250;176898.218750
1;82;0.692649;177196.328125;177353.390625
1;83;0.358014;178080.562500;178227.703125
1;84;1.331229;178618.359375;178723.718750
1;85;1.603212;180057.062500;180148.234375
1;86;0.464888;181774.937500;181927.343750
1;87;0.627687;182431.234375;182509.406250
1;88;1.602491;183174.000000;183263.828125
1;89;0.316641;184894.171875;185009.625000
1;90;7.435550;185346.281250;185555.859375
1;91;1.511544;193041.562500;193183.343750
1;92;0.323827;194736.875000;194889.437500
1;93;1.611752;195214.609375;195308.343750
1;94;1.425703;196956.031250;197049.390625
1;95;0.016472;198485.656250;198636.546875
1;96;0.233048;198681.578125;198766.359375
1;97;0.691264;199037.828125;199156.234375
1;98;3.164637;199862.000000;199937.078125
1;99;3.393086;203136.562500;203237.531250
1;100;0.039161;206649.062500;206749.453125
1;101;1.128407;206801.250000;206951.156250
1;102;0.269881;208094.890625;208195.656250
1;103;4.150423;208501.562500;208604.546875
1;104;1.372180;212768.812500;212893.500000
1;105;0.835787;214289.937500;214434.640625
1;106;0.372095;215326.578125;215427.906250
1;107;0.002824;215831.953125;215933.890625
1;108;0.896270;215985.781250;216135.968750
1;109;0.500656;217044.296875;217146.718750
1;110;0.381837;217653.718750;217757.609375
1;111;1.129250;218166.343750;218263.218750
1;112;0.156059;219427.578125;219567.953125
1;113;1.581228;219780.062500;219872.703125
1;114;3.062781;221483.343750;221587.218750
1;115;1.000709;224685.531250;224819.109375
1;116;0.571134;225834.359375;225940.609375
1;117;0.108769;226547.328125;226687.703125
1;118;1.709077;226814.937500;226913.000000
1;119;1.080670;228643.718750;228747.921875
1;120;0.297645;229864.968750;229968.984375
1;121;2.375668;230289.703125;230445.328125
1;122;0.649221;232834.000000;232956.343750
1;123;2.552386;233616.187500;233690.843750
1;124;1.195890;236265.093750;236366.500000
1;125;2.091778;237600.343750;237749.515625
1;126;1.771624;239859.218750;239982.203125
1;127;0.157840;241765.796875;241866.468750
1;128;2.826053;242069.890625;242156.328125
1;129;1.235422;244998.281250;245069.390625
1;130;0.100168;246321.718750;246456.437500
1;131;0.342184;246597.500000;246738.781250
1;132;1.420928;247099.937500;247250.625000
1;133;0.120805;248694.468750;248796.328125
1;134;3.680806;248949.828125;249098.421875
1;135;0.150425;252813.734375;252914.406250
1;136;1.296537;253110.625000;253264.375000
1;137;0.696879;254572.750000;254671.796875
1;138;0.445592;255392.109375;255492.656250
1;139;2.012638;255954.671875;256048.265625
1;140;0.719696;258091.796875;258218.703125
1;141;0.269752;258976.359375;259129.796875
1;142;0.128626;259435.625000;259533.218750
1;143;0.507558;259708.796875;259814.203125
1;144;0.809477;260331.625000;260458.562500
1;145;0.882930;261287.703125;261364.937500
1;146;1.282983;262300.500000;262484.687500
1;147;0.042610;263774.156250;263879.156250
1;148;2.226494;263931.531250;264061.531250
1;149;1.630954;266337.937500;266443.250000
1;150;0.368007;268097.625000;268197.875000
1;151;0.454132;268596.656250;268706.000000
1;152;0.126176;269191.531250;269298.031250
1;153;0.589683;269455.218750;269596.750000
1;154;2.605236;270191.406250;270335.781250
1;155;2.676706;272979.312500;273083.000000
1;156;1.851232;275777.406250;275883.531250
1;157;1.617580;277769.125000;277910.125000
1;158;0.185782;279565.187500;279678.906250
1;159;0.026158;279881.781250;279954.718750
1;160;0.755802;279988.812500;280100.781250
1;161;2.496425;280874.531250;281010.093750
1;162;0.948920;283523.968750;283602.718750
1;163;0.511505;284551.468750;284627.843750
1;164;0.852346;285145.281250;285220.093750
1;165;1.327968;286082.875000;286183.593750
1;166;1.722815;287520.531250;287598.531250
1;167;0.991080;289333.218750;289394.343750
1;168;0.077567;290395.843750;290462.156250
1;169;0.234751;290552.093750;290650.343750
1;170;0.113114;290895.875000;290952.593750
1;171;0.380271;291067.750000;291178.906250
1;172;0.303601;291567.843750;291673.468750
1;173;0.758876;291989.750000;292055.687500
1;174;1.828525;292817.968750;292916.750000
1;175;3.080311;294755.687500;294842.781250
1;176;2.694448;297927.875000;298031.906250
1;177;1.486364;300740.687500;300861.968750
1;178;0.003261;302350.250000;302425.406250
1;179;0.751672;302443.968750;302544.000000
1;180;0.184709;303303.468750;303407.468750
1;181;0.492589;303600.375000;303686.093750
1;182;2.648751;304178.531250;304231.187500
1;183;0.102598;306881.968750;306991.000000
1;184;0.959229;307100.718750;307161.281250
1;185;4.899816;308132.093750;308198.125000
1;186;1.284385;313101.343750;313208.625000
1;187;1.017174;314507.781250;314610.312500
1;188;4.559801;315632.875000;315732.875000
1;189;0.661892;320305.250000;320390.156250
1;190;1.608704;321055.343750;321122.562500
1;191;0.774512;322743.031250;322804.750000
1;192;0.243429;323586.843750;323688.593750
1;193;0.024028;323946.281250;324045.468750
1;194;0.758474;324071.281250;324173.187500
1;195;1.628443;324946.375000;325062.343750
1;196;1.373817;326696.562500;326752.406250
1;197;0.706855;328134.218750;328232.312500
1;198;0.426629;328946.781250;329013.843750
1;199;0.317581;329446.843750;329500.906250
1;200;3.625051;329821.875000;329898.468750
1;201;0.094776;333525.406250;333617.812500
1;202;0.226553;333712.937500;333816.906250
1;203;0.384786;334056.718750;334157.937500
1;204;1.702903;334556.781250;334643.375000
1;205;0.137111;336353.843750;336442.531250
1;206;0.592038;336588.250000;336673.375000
1;207;0.034544;337275.812500;337352.718750
1;208;0.021355;337400.843750;337488.812500
1;209;3.385044;337510.187500;337601.968750
1;210;1.571379;340994.968750;341081.781250
1;211;0.094703;342667.000000;342758.437500
1;212;1.230171;342854.531250;342961.281250
1;213;0.533530;344198.406250;344275.406250
1;214;1.996234;344823.500000;344922.875000
1;215;0.132141;346933.093750;346988.687500
1;216;1.332581;347136.218750;347191.812500
1;217;0.274438;348527.031250;348610.531250
1;218;1.307833;348886.406250;348992.468750
1;219;0.020876;350308.437500;350395.125000
1;220;1.725551;350417.843750;350509.312500
1;221;1.715765;352246.156250;352319.062500
1;222;1.357898;354043.218750;354097.812500
1;223;0.139700;355465.250000;355569.750000
1;224;0.190083;355715.281250;355808.437500
1;225;0.576450;356012.156250;356096.250000
1;226;0.814886;356684.125000;356750.500000
1;227;0.235125;357574.843750;357644.437500
1;228;1.928880;357887.375000;357962.750000
1;229;0.625788;359903.218750;359980.125000
2;0;0.315254;60394.257813;60486.167969
2;1;2.964083;60844.746094;60997.742188
2;2;0.524354;63965.675781;64119.261719
2;3;2.369284;64668.742188;64749.640625
2;4;0.442174;67128.640625;67278.429688
2;5;0.135477;67769.953125;67893.351563
2;6;2.106033;68045.195313;68142.710938
2;7;0.679309;70265.546875;70352.210938
2;8;0.570288;71066.015625;71153.828125
2;9;0.114529;71750.203125;71854.328125
2;10;0.651161;72008.460938;72093.023438
2;11;0.968663;72748.148438;72848.250000
2;12;1.314356;73831.476563;73999.585938
2;13;0.061262;75357.085938;75498.523438
2;14;0.950990;75560.570313;75718.796875
2;15;1.331116;76685.640625;76785.726563
2;16;0.382170;78164.046875;78310.835938
2;17;4.418760;78716.796875;78816.984375
2;18;4.827200;83265.390625;83364.929688
2;19;2.275067;88216.164063;88316.742188
2;20;1.186471;90625.875000;90777.367188
2;21;0.010185;91969.703125;92101.132813
2;22;0.261546;92150.398438;92273.132813
2;23;0.283349;92567.640625;92694.632813
2;24;1.295883;92998.750000;93097.851563
2;25;0.146276;94420.945313;94524.085938
2;26;1.567743;94710.796875;94765.328125
2;27;0.415014;96343.968750;96489.789063
2;28;0.001781;96906.578125;97039.046875
2;29;0.234294;97089.390625;97156.539063
2;30;0.643602;97391.015625;97493.171875
2;31;4.932042;98148.593750;98205.765625
2;32;1.193105;103187.585938;103307.289063
2;33;0.975243;104523.835938;104673.007813
2;34;2.018091;105673.085938;105813.773438
2;35;2.422635;107861.789063;107967.226563
2;36;0.156059;110392.437500;110514.835938
2;37;0.401681;110674.726563;110760.109375
2;38;0.491434;111190.140625;111283.039063
2;39;0.148233;111794.671875;111953.781250
2;40;0.947727;112159.007813;112265.140625
2;41;2.243652;113253.265625;113406.062500
2;42;2.273475;115668.750000;115843.250000
2;43;0.328976;118128.007813;118275.523438
2;44;0.398493;118633.687500;118818.632813
2;45;2.575174;119242.039063;119345.437500
2;46;0.527223;121952.437500;122026.703125
2;47;0.198856;122578.093750;122698.179688
2;48;0.826709;122953.476563;123034.351563
2;49;1.315798;123902.781250;124039.492188
2;50;1.285033;125364.859375;125524.218750
2;51;2.482227;126831.585938;126929.734375
2;52;0.246281;129474.382813;129557.093750
2;53;1.055146;129829.453125;129970.875000
2;54;0.901895;131077.296875;131199.812500
2;55;0.108028;132129.031250;132231.078125
2;56;0.111961;132352.609375;132502.265625
2;57;1.308274;132656.296875;132781.562500
2;58;0.393489;134130.375000;134232.968750
2;59;0.115386;134633.437500;134735.656250
2;60;2.570301;134887.531250;134989.515625
2;61;0.332422;137580.250000;137671.218750
2;62;0.351248;138009.437500;138131.531250
2;63;0.404150;138539.562500;138613.390625
2;64;0.784399;139043.281250;139164.843750
2;65;2.900850;139960.062500;140119.734375
2;66;0.354904;143027.328125;143127.765625
2;67;2.370442;143491.812500;143645.859375
2;68;0.287048;146021.859375;146185.281250
2;69;1.865231;146489.921875;146661.796875
2;70;0.360247;148586.546875;148691.093750
2;71;0.634659;149091.000000;149195.500000
2;72;0.200910;149836.656250;149934.812500
2;73;0.423072;150156.546875;150264.843750
2;74;0.723060;150698.906250;150848.203125
2;75;1.464413;151599.906250;151709.218750
2;76;0.655295;153178.843750;153282.265625
2;77;0.369086;153958.421875;154048.203125
2;78;0.176481;154460.000000;154564.203125
2;79;0.057577;154762.875000;154866.015625
2;80;0.858849;154928.937500;155001.968750
2;81;3.141043;155895.765625;155968.921875
2;82;0.255855;159145.578125;159210.781250
2;83;0.321127;159506.718750;159616.312500
2;84;0.510491;159958.125000;160053.937500
2;85;0.596071;160585.218750;160746.640625
2;86;0.083962;161350.890625;161546.156250
2;87;0.270010;161651.843750;161756.859375
2;88;0.679371;162038.453125;162124.671875
2;89;0.233671;162835.406250;162925.468750
2;90;1.184499;163172.375000;163321.203125
2;91;1.178112;164519.218750;164601.281250
2;92;1.849427;165822.750000;165961.796875
2;93;0.431886;167835.984375;167953.390625
2;94;0.061546;168414.125000;168477.531250
2;95;3.774268;168554.765625;168661.718750
2;96;1.540578;172457.453125;172598.765625
2;97;1.897725;174184.765625;174291.218750
2;98;1.960744;176212.812500;176313.125000
2;99;0.217189;178281.140625;178446.484375
2;100;0.636573;178672.218750;178821.468750
2;101;3.278879;179485.609375;179671.484375
2;102;0.667729;182977.781250;183070.171875
2;103;1.039575;183746.953125;183873.515625
2;104;0.364354;184915.875000;185025.281250
2;105;2.241074;185400.390625;185502.984375
2;106;1.543032;187775.984375;187869.343750
2;107;0.425788;189416.359375;189517.250000
2;108;3.918192;189953.906250;190057.078125
2;109;0.616871;194027.140625;194121.078125
2;110;3.050351;194788.468750;194932.593750
2;111;3.086402;198025.453125;198104.781250
2;112;0.460032;201226.750000;201331.562500
2;113;0.644989;201813.421875;201915.781250
2;114;0.129532;202606.031250;202744.531250
2;115;5.459801;202914.906250;203035.921875
2;116;1.690970;208501.562500;208603.015625
2;117;0.432035;210312.812500;210422.734375
2;118;1.620652;210875.640625;210949.343750
2;119;0.388412;212596.546875;212720.781250
2;120;0.637891;213169.140625;213340.765625
2;121;0.551007;213995.265625;214117.625000
2;122;0.300950;214704.687500;214805.984375
2;123;0.819756;215122.265625;215224.109375
2;124;2.242104;216059.812500;216198.250000
2;125;1.416904;218472.921875;218574.359375
2;126;0.794722;220030.265625;220130.921875
2;127;0.840822;220936.203125;221076.000000
2;128;0.652375;221948.250000;222091.734375
2;129;2.123017;222757.890625;222862.859375
2;130;0.758809;225021.953125;225123.343750
2;131;0.890145;225889.203125;225988.281250
2;132;0.206687;226913.015625;227019.515625
2;133;0.279404;227276.750000;227381.062500
2;134;0.087809;227717.046875;227793.343750
2;135;1.931792;227931.390625;228014.250000
2;136;0.147427;229951.921875;230146.078125
2;137;1.193900;230339.218750;230436.328125
2;138;0.018040;231653.984375;231759.687500
2;139;1.696293;231812.218750;231953.140625
2;140;0.401149;233671.250000;233819.140625
2;141;1.697549;234264.890625;234338.906250
2;142;0.177151;236062.140625;236116.671875
2;143;0.526681;236317.203125;236475.265625
2;144;0.032605;237037.281250;237221.281250
2;145;1.146344;237272.968750;237358.937500
2;146;1.835983;238516.093750;238599.828125
2;147;1.090940;240460.156250;240562.406250
2;148;1.150253;241672.593750;241765.656250
2;149;0.689629;242950.843750;243036.859375
2;150;0.013987;243763.375000;243864.796875
2;151;9.465960;243917.140625;244017.437500
2;152;1.687851;253506.578125;253608.328125
2;153;1.793690;255300.171875;255392.156250
2;154;0.374641;257216.031250;257314.234375
2;155;1.362754;257701.640625;257807.171875
2;156;1.776509;259181.125000;259333.812500
2;157;0.020534;261130.609375;261287.734375
2;158;1.421661;261340.296875;261418.421875
2;159;0.858117;262868.968750;263002.281250
2;160;1.480416;263877.375000;263931.500000
2;161;0.445189;265436.656250;265585.781250
2;162;0.127118;266040.875000;266186.437500
2;163;0.330652;266337.937500;266488.062500
2;164;0.616577;266837.031250;266958.156250
2;165;0.527223;267601.000000;267704.218750
2;166;1.244438;268251.750000;268334.562500
2;167;0.297953;269611.437500;269717.187500
2;168;5.642251;270034.312500;270166.687500
2;169;0.896270;275832.093750;275956.781250
2;170;0.633942;276901.312500;277006.406250
2;171;0.511933;277644.562500;277769.125000
2;172;0.714799;278316.406250;278420.843750
2;173;0.027740;279155.187500;279213.500000
2;174;0.820888;279260.281250;279404.875000
2;175;2.450314;280273.718750;280427.906250
2;176;1.766762;282881.625000;282961.125000
2;177;1.393302;284738.968750;284830.031250
2;178;0.914697;286223.531250;286297.656250
2;179;0.171761;287223.625000;287319.062500
2;180;1.580945;287504.906250;287601.218750
2;181;0.231307;289192.562500;289280.625000
2;182;0.770785;289520.718750;289579.437500
2;183;3.542174;290364.593750;290473.062500
2;184;0.452662;294021.218750;294136.406250
2;185;1.127845;294599.406250;294675.781250
2;186;2.519066;295818.281250;295917.062500
2;187;1.279217;298443.562500;298530.312500
2;188;2.957643;299818.687500;299898.531250
2;189;4.678291;302865.906250;302949.343750
2;190;0.119644;307632.031250;307730.906250
2;191;0.745175;307850.812500;307945.312500
2;192;2.263970;308694.656250;308793.937500
2;193;0.361412;311069.906250;311123.937500
2;194;0.459981;311491.812500;311565.156250
2;195;0.012492;312038.750000;312116.375000
2;196;1.827640;312132.500000;312210.187500
2;197;0.519444;314038.968750;314112.062500
2;198;0.157762;314632.781250;314738.968750
2;199;3.577179;314898.437500;314963.312500
2;200;0.358525;318555.062500;318614.125000
2;201;0.157685;318977.000000;319067.093750
2;202;0.036624;319227.031250;319319.781250
2;203;1.710825;319367.656250;319457.250000
2;204;0.127344;321180.343750;321275.906250
2;205;0.036346;321414.750000;321472.718750
2;206;0.187213;321524.125000;321588.531250
2;207;3.589392;321789.812500;321865.937500
2;208;3.112246;325462.062500;325516.718750
2;209;0.853950;328634.250000;328730.125000
2;210;0.697512;329587.500000;329696.093750
2;211;5.238626;330400.093750;330468.218750
2;212;0.809547;335713.156250;335780.062500
2;213;0.072249;336603.875000;336707.375000
2;214;0.381030;336791.406250;336899.406250
2;215;1.677930;337291.406250;337375.687500
2;216;0.040448;339057.250000;339133.500000
2;217;2.041679;339182.281250;339273.750000
2;218;0.005384;341323.125000;341402.343750
2;219;0.563487;341416.875000;341472.000000
2;220;0.218498;342041.937500;342149.937500
2;221;1.072452;342370.093750;342448.875000
2;222;0.574807;343526.468750;343599.062500
2;223;2.140501;344182.781250;344236.156250
2;224;0.219604;346386.125000;346448.062500
2;225;0.636454;346667.406250;346764.718750
2;226;1.389971;347401.906250;347475.281250
2;227;6.082607;348870.781250;348945.812500
2;228;0.774920;355043.343750;355143.531250
2;229;0.539435;355918.406250;356025.906250
2;230;1.206193;356574.718750;356680.468750
2;231;0.101198;357887.375000;357965.218750
2;232;0.681552;358074.906250;358183.218750
2;233;1.283953;358871.843750;358931.468750
3;0;0.797352;60948.703125;61065.007813
3;1;0.514824;61914.574219;62018.097656
3;2;0.493746;62543.500000;62639.785156
3;3;2.960116;63148.648438;63246.746094
3;4;0.666744;66259.039063;66381.625000
3;5;0.213392;67076.375000;67180.023438
3;6;1.226070;67434.539063;67568.234375
3;7;0.138709;68817.765625;68956.507813
3;8;1.437422;69148.164063;69250.664063
3;9;0.383406;70700.679688;70837.343750
3;10;0.193560;71280.132813;71434.218750
3;11;0.129003;71668.757813;71854.335938
3;12;0.563431;72008.460938;72107.015625
3;13;0.312619;72731.007813;72861.953125
3;14;1.195492;73186.125000;73298.375000
3;15;1.456183;74498.007813;74604.140625
3;16;0.813409;76063.828125;76201.195313
3;17;1.710030;77030.726563;77124.765625
3;18;1.239351;78843.078125;78942.250000
3;19;1.363797;80198.195313;80295.445313
3;20;1.573061;81678.179688;81780.007813
3;21;2.775937;83364.945313;83487.976563
3;22;1.316243;86281.359375;86383.257813
3;23;0.867975;87731.742188;87881.484375
3;24;0.132065;88749.460938;88832.695313
3;25;1.026865;88983.757813;89085.921875
3;26;0.654868;90155.031250;90298.210938
3;27;1.410835;90980.429688;91065.531250
3;28;1.317576;92515.140625;92617.875000
3;29;0.379180;93980.984375;94116.789063
3;30;1.376278;94524.093750;94609.500000
3;31;0.059595;96038.890625;96131.523438
3;32;0.090540;96233.421875;96335.617188
3;33;1.724102;96437.773438;96538.085938
3;34;0.021561;98281.554688;98406.906250
3;35;0.815591;98453.578125;98587.046875
3;36;0.110067;99427.375000;99581.687500
3;37;1.257628;99709.046875;99848.156250
3;38;2.168586;101133.601563;101220.765625
3;39;0.738126;103412.929688;103476.375000
3;40;1.212240;104227.492188;104331.414063
3;41;1.534466;105551.507813;105641.875000
3;42;1.331567;107192.421875;107350.101563
3;43;0.862373;108715.984375;108860.914063
3;44;0.874274;109741.656250;109877.546875
3;45;1.122430;110760.132813;110907.203125
3;46;0.691138;112056.570313;112155.312500
3;47;2.901789;112892.656250;112948.273438
3;48;0.719180;115892.398438;116018.796875
3;49;0.266454;116768.015625;116848.203125
3;50;1.465049;117128.882813;117276.593750
3;51;1.820239;118769.148438;118919.046875
3;52;1.478097;120800.414063;120917.343750
3;53;1.991299;122424.906250;122526.609375
3;54;0.520737;124542.671875;124664.156250
3;55;0.342551;125200.835938;125348.187500
3;56;0.824221;125717.921875;125863.562500
3;57;0.052882;126693.570313;126811.289063
3;58;1.855395;126880.132813;126948.210938
3;59;0.492852;128849.148438;128918.312500
3;60;0.219154;129428.023438;129557.093750
3;61;1.900556;129829.453125;129980.421875
3;62;1.223719;131927.625000;132028.625000
3;63;0.089920;133276.656250;133425.437500
3;64;1.209414;133519.843750;133624.046875
3;65;3.383587;134887.531250;134980.500000
3;66;4.838065;138364.062500;138488.296875
3;67;0.875687;143336.656250;143438.406250
3;68;0.454639;144328.328125;144427.187500
3;69;1.204285;144900.500000;145045.906250
3;70;1.526234;146256.734375;146359.984375
3;71;0.458249;147911.250000;148063.890625
3;72;0.579630;148586.562500;148708.890625
3;73;0.063429;149303.890625;149401.765625
3;74;3.036999;149476.906250;149576.281250
3;75;0.240459;152631.750000;152790.156250
3;76;0.149386;153074.218750;153229.671875
3;77;0.683550;153412.578125;153502.875000
3;78;1.787535;154231.640625;154305.906250
3;79;0.052143;156132.531250;156231.359375
3;80;0.119831;156333.406250;156433.921875
3;81;0.452003;156590.937500;156741.062500
3;82;1.093386;157199.250000;157332.984375
3;83;1.142733;158458.156250;158563.375000
3;84;1.665501;159716.609375;159834.781250
3;85;1.430992;161546.171875;161651.843750
3;86;1.141690;163118.156250;163223.562500
3;87;1.254789;164408.390625;164554.328125
3;88;0.744317;165822.750000;165961.828125
3;89;3.762912;166717.843750;166851.453125
3;90;0.470177;170617.546875;170716.875000
3;91;1.243710;171196.515625;171296.843750
3;92;0.112370;172598.765625;172695.812500
3;93;1.157152;172859.468750;173058.953125
3;94;3.036468;174239.546875;174396.375000
3;95;0.945504;177458.390625;177602.578125
3;96;1.149489;178578.406250;178723.718750
3;97;0.772275;179900.859375;180003.093750
3;98;0.099433;180821.718750;180977.984375
3;99;0.389034;181131.671875;181206.531250
3;100;0.074007;181618.671875;181723.671875
3;101;0.297557;181821.781250;181927.359375
3;102;1.598607;182228.328125;182384.343750
3;103;0.175693;184025.203125;184130.656250
3;104;0.368194;184314.921875;184418.015625
3;105;3.738534;184822.640625;184931.562500
3;106;0.447406;188720.578125;188825.421875
3;107;0.587906;189314.406250;189517.250000
3;108;2.112199;190160.453125;190264.343750
3;109;0.420314;192388.031250;192493.828125
3;110;1.068455;192938.734375;193088.609375
3;111;5.109065;194183.062500;194322.078125
3;112;0.624662;199460.000000;199545.218750
3;113;1.674848;200188.218750;200390.187500
3;114;0.279620;202105.203125;202206.781250
3;115;0.510864;202535.531250;202655.218750
3;116;0.226058;203186.140625;203338.437500
3;117;0.630661;203608.468750;203745.984375
3;118;1.425090;204391.390625;204514.906250
3;119;2.218645;205980.625000;206093.671875
3;120;0.780093;208350.140625;208501.531250
3;121;1.043555;209298.515625;209402.843750
3;122;0.071389;210462.937500;210580.250000
3;123;0.516487;210653.000000;210751.890625
3;124;0.098882;211293.890625;211395.343750
3;125;1.040352;211497.281250;211598.250000
3;126;1.551941;212669.046875;212821.031250
3;127;0.902124;214390.937500;214534.218750
3;128;1.463778;215450.421875;215535.171875
3;129;0.062469;217044.296875;217146.718750
3;130;0.286786;217247.484375;217348.625000
3;131;1.661389;217653.765625;217757.609375
3;132;7.852989;219427.578125;219567.984375
3;133;3.972749;227457.296875;227561.250000
3;134;2.890114;231549.562500;231653.984375
3;135;1.012444;234577.453125;234683.015625
3;136;3.721588;235744.125000;235864.937500
3;137;0.263293;239617.781250;239769.218750
3;138;0.670875;240083.546875;240237.968750
3;139;0.330607;240922.234375;241023.078125
3;140;0.373320;241375.015625;241499.734375
3;141;0.350601;241919.562500;242020.703125
3;142;0.686366;242400.953125;242547.046875
3;143;2.356055;243257.218750;243357.015625
3;144;2.121168;245748.468750;245870.468750
3;145;0.173882;248004.640625;248124.593750
3;146;0.720278;248348.656250;248503.703125
3;147;2.108769;249252.484375;249383.421875
3;148;0.119233;251501.078125;251637.484375
3;149;0.351571;251790.796875;251866.328125
3;150;0.627212;252220.687500;252331.609375
3;151;0.151503;253016.453125;253110.656250
3;152;0.602264;253313.312500;253381.640625
3;153;0.241253;254001.343750;254074.562500
3;154;0.078757;254350.125000;254464.937500
3;155;2.299232;254553.218750;254649.406250
3;156;1.092027;256955.843750;257032.937500
3;157;0.009237;258144.515625;258269.734375
3;158;3.818740;258323.406250;258413.218750
3;159;0.329157;262244.062500;262303.437500
3;160;4.661890;262659.718750;262816.312500
3;161;0.227750;267487.156250;267600.968750
3;162;0.607791;267879.843750;267982.812500
3;163;1.399994;268596.687500;268722.687500
3;164;1.357898;270166.718750;270285.437500
3;165;2.764275;271646.968750;271791.531250
3;166;2.071508;274567.437500;274737.906250
3;167;1.046159;276852.218750;277003.812500
3;168;0.701697;278073.312500;278178.812500
3;169;0.747226;278925.875000;279005.125000
3;170;3.538818;279756.000000;279852.593750
3;171;0.796105;283395.968750;283450.375000
3;172;1.977231;284254.531250;284367.968750
3;173;2.216628;286348.750000;286416.062500
3;174;0.694037;288645.656250;288704.000000
3;175;0.071998;289411.343750;289484.906250
3;176;0.110401;289567.593750;289638.437500
3;177;5.903413;289755.125000;289857.531250
3;178;0.662199;295771.406250;295850.093750
3;179;1.243398;296521.468750;296575.562500
3;180;0.809337;297834.156250;297936.937500
3;181;0.021526;298756.093750;298822.656250
3;182;0.219318;298849.843750;298923.687500
3;183;4.690157;299146.781250;299235.156250
3;184;0.602728;303928.531250;303988.968750
3;185;2.557868;304600.468750;304676.687500
3;186;0.926948;307241.375000;307311.968750
3;187;0.429651;308241.468750;308341.468750
3;188;0.060304;308772.781250;308881.375000
3;189;1.045030;308944.656250;308999.343750
3;190;0.009440;310054.187500;310136.031250
3;191;0.145088;310147.937500;310223.625000
3;192;1.759425;310382.343750;310457.031250
3;193;0.656391;312226.281250;312280.093750
3;194;1.629772;312945.093750;313044.625000
3;195;0.918946;314679.656250;314733.875000
3;196;1.025670;315664.125000;315754.406250
3;197;0.978996;316789.281250;316855.656250
3;198;1.454670;317836.250000;317908.500000
3;199;0.413546;319367.656250;319447.312500
3;200;0.194761;319867.718750;319942.437500
3;201;0.706217;320149.000000;320250.500000
3;202;0.991410;320961.593750;321048.906250
3;203;1.257523;322055.468750;322165.156250
3;204;1.484291;323430.625000;323505.187500
3;205;0.122530;324993.250000;325063.343750
3;206;0.495746;325196.406250;325295.843750
3;207;0.106363;325805.843750;325871.781250
3;208;0.284610;325993.375000;326073.000000
3;209;2.187061;326368.406250;326429.406250
3;210;0.373839;328618.625000;328718.343750
3;211;0.177900;329103.062500;329206.937500
3;212;0.352080;329384.343750;329439.625000
3;213;2.815151;329806.281250;329913.562500
3;214;3.802650;332744.093750;332811.656250
3;215;0.215146;336619.468750;336702.125000
3;216;0.046805;336932.031250;336999.593750
3;217;2.330344;337057.031250;337167.375000
3;218;2.167140;339510.437500;339599.875000
3;219;0.943682;341776.312500;341863.593750
3;220;0.824647;342807.656250;342861.312500
3;221;1.210321;343698.531250;343787.781250
3;222;2.557181;345011.000000;345113.843750
3;223;1.906429;347683.187500;347793.593750
3;224;2.736861;349714.625000;349770.156250
3;225;0.492012;352511.812500;352585.843750
3;226;0.696689;353089.968750;353165.281250
3;227;0.725719;353871.312500;353924.750000
3;228;3.230356;354652.656250;354706.500000
3;229;3.762912;357949.875000;358010.593750
4;0;1.721209;60606.031250;60715.230469
4;1;0.730273;62493.582031;62647.093750
4;2;0.027947;63406.539063;63552.390625
4;3;0.024097;63607.093750;63731.464844
4;4;0.284697;63785.089844;63911.140625
4;5;0.533639;64225.238281;64331.585938
4;6;6.747947;64871.890625;65011.085938
4;7;0.223752;71799.828125;71905.968750
4;8;0.278669;72167.695313;72271.632813
4;9;1.638819;72576.601563;72681.312500
4;10;0.267952;74348.156250;74453.750000
4;11;1.756770;74764.625000;74953.289063
4;12;0.348019;76736.960938;76920.023438
4;13;2.417787;77285.367188;77420.117188
4;14;0.462790;79842.281250;79944.023438
4;15;0.367350;80450.148438;80622.273438
4;16;0.507877;80998.601563;81131.718750
4;17;0.625136;81678.179688;81780.023438
4;18;1.147963;82430.328125;82608.171875
4;19;0.217884;83780.148438;83896.875000
4;20;0.537080;84156.101563;84286.398438
4;21;2.330903;84836.210938;84967.851563
4;22;7.811474;87348.328125;87476.109375
4;23;0.810950;95343.789063;95488.351563
4;24;1.629920;96335.656250;96437.718750
4;25;1.273540;98099.156250;98251.539063
4;26;0.094081;99531.835938;99671.687500
4;27;0.958266;99813.117188;99948.796875
4;28;0.295754;100931.070313;101033.078125
4;29;1.194994;101337.726563;101439.375000
4;30;0.204098;102688.382813;102844.664063
4;31;2.789419;103063.445313;103187.562500
4;32;0.659505;105992.679688;106094.992188
4;33;0.254881;106766.960938;106861.820313
4;34;0.393969;107139.679688;107244.070313
4;35;0.287745;107668.554688;107774.750000
4;36;0.590774;108071.960938;108173.726563
4;37;1.056548;108767.156250;108868.773438
4;38;0.258654;109948.250000;110050.804688
4;39;2.875807;110329.000000;110430.671875
4;40;0.839885;113345.781250;113502.039063
4;41;0.264104;114356.671875;114514.320313
4;42;2.003472;114821.421875;114876.015625
4;43;4.066091;116901.085938;117073.687500
4;44;0.032640;121151.054688;121321.359375
4;45;0.711333;121371.054688;121473.109375
4;46;1.740478;122230.484375;122331.625000
4;47;2.554096;124110.257813;124290.804688
4;48;1.637777;126861.414063;126999.046875
4;49;2.904139;128648.257813;128800.406250
4;50;0.962043;131714.859375;131824.750000
4;51;0.702778;132829.906250;132972.843750
4;52;0.162577;133723.125000;133824.593750
4;53;4.087955;134028.453125;134130.359375
4;54;3.571123;138267.718750;138364.093750
4;55;6.439270;141977.437500;142049.234375
4;56;2.993284;148534.937500;148691.109375
4;57;0.602032;151716.843750;151857.062500
4;58;0.333740;152488.828125;152599.984375
4;59;1.487272;152964.875000;153074.187500
4;60;0.093715;154581.546875;154708.750000
4;61;2.366395;154813.593750;154913.781250
4;62;0.029463;157333.000000;157438.234375
4;63;0.557954;157491.734375;157646.484375
4;64;0.052847;158251.046875;158397.484375
4;65;1.898857;158459.937500;158563.390625
4;66;1.732665;160485.140625;160639.953125
4;67;0.117251;162386.078125;162522.906250
4;68;1.267466;162682.187500;162837.843750
4;69;0.565843;164117.468750;164252.250000
4;70;0.527223;164851.250000;164913.390625
4;71;3.194246;165472.625000;165571.593750
4;72;0.888638;168804.796875;168921.828125
4;73;2.660753;169840.359375;170000.515625
4;74;0.803189;172701.781250;172806.546875
4;75;0.712615;173618.375000;173774.921875
4;76;0.426035;174502.703125;174609.437500
4;77;3.178436;175048.046875;175257.578125
4;78;0.185782;178464.890625;178578.437500
4;79;0.155672;178775.906250;178879.734375
4;80;0.419920;179069.171875;179222.171875
4;81;0.097340;179671.500000;179810.109375
4;82;0.402988;179930.968750;180057.015625
4;83;0.096644;180477.953125;180588.843750
4;84;2.271885;180719.562500;180821.781250
4;85;0.372613;183118.812500;183230.937500
4;86;1.596169;183639.953125;183746.921875
4;87;0.706345;185397.453125;185502.984375
4;88;0.771800;186226.281250;186380.484375
4;89;1.306291;187212.140625;187364.968750
4;90;0.846822;188720.578125;188875.078125
4;91;0.735568;189750.125000;189855.015625
4;92;0.875167;190619.625000;190721.390625
4;93;0.114454;191621.125000;191682.296875
4;94;0.438768;191818.078125;191972.328125
4;95;0.324323;192442.734375;192600.234375
4;96;0.475595;192938.734375;193090.609375
4;97;1.588460;193592.578125;193698.500000
4;98;3.316558;195292.859375;195416.984375
4;99;0.038778;198766.390625;198899.453125
4;100;0.962526;198986.515625;199057.984375
4;101;2.017251;200059.156250;200188.203125
4;102;3.477714;202258.312500;202381.609375
4;103;1.158499;205889.812500;206093.671875
4;104;1.763755;207262.046875;207404.468750
4;105;0.084469;209200.796875;209281.562500
4;106;0.536260;209383.062500;209449.296875
4;107;1.198382;210011.546875;210111.703125
4;108;1.847805;211346.031250;211431.578125
4;109;0.048628;213340.781250;213491.343750
4;110;2.879481;213548.250000;213691.953125
4;111;0.275947;216579.687500;216643.265625
4;112;0.005823;216950.046875;217044.312500
4;113;1.099481;217075.531250;217169.328125
4;114;0.523219;218294.421875;218369.875000
4;115;0.100941;218953.984375;219058.765625
4;116;0.150232;219170.156250;219310.140625
4;117;3.627773;219467.453125;219621.890625
4;118;1.394017;223313.875000;223462.296875
4;119;1.693315;224870.703125;225021.937500
4;120;1.447138;226755.031250;226913.000000
4;121;0.784810;228382.531250;228518.562500
4;122;1.144252;229330.437500;229420.593750
4;123;0.479845;230585.671875;230739.031250
4;124;1.706065;231249.062500;231342.671875
4;125;1.021159;233109.843750;233198.250000
4;126;3.041254;234265.000000;234371.031250
4;127;1.196687;237425.562500;237548.984375
4;128;1.019546;238772.250000;238871.734375
4;129;0.068027;239911.781250;240032.093750
4;130;0.644868;240115.046875;240287.343750
4;131;1.639266;240968.703125;241065.453125
4;132;1.097021;242748.000000;242850.250000
4;133;0.148771;243966.375000;244071.328125
4;134;0.121780;244239.578125;244339.796875
4;135;0.392817;244493.734375;244641.703125
4;136;0.317850;245050.750000;245148.421875
4;137;0.768825;245515.625000;245609.859375
4;138;1.714328;246423.765625;246544.921875
4;139;0.302275;248277.265625;248397.953125
4;140;0.168587;248746.796875;248896.265625
4;141;1.053832;249098.421875;249202.171875
4;142;0.438417;250266.578125;250402.000000
4;143;0.336016;250876.078125;250974.703125
4;144;0.413888;251316.687500;251468.265625
4;145;2.472015;251915.218750;252016.390625
4;146;0.944870;254502.312500;254623.156250
4;147;2.517409;255594.031250;255692.671875
4;148;0.568148;258269.765625;258361.171875
4;149;0.308701;258976.359375;259129.796875
4;150;2.039962;259442.125000;259586.171875
4;151;1.034318;261645.156250;261751.046875
4;152;0.447154;262816.312500;262902.031250
4;153;0.685990;263377.343750;263481.593750
4;154;0.874869;264181.625000;264324.062500
4;155;0.267181;265229.250000;265382.000000
4;156;2.768842;265699.750000;265800.031250
4;157;1.726357;268596.656250;268722.718750
4;158;0.617282;270486.156250;270588.375000
4;159;1.106802;271243.781250;271379.625000
4;160;0.798600;272501.468750;272605.312500
4;161;0.441673;273416.687500;273565.968750
4;162;0.189644;274037.093750;274194.812500
4;163;0.578266;274423.406250;274561.375000
4;164;0.416189;275168.750000;275269.250000
4;165;0.878295;275698.312500;275832.062500
4;166;1.346307;276748.343750;276852.218750
4;167;5.315923;278230.218750;278336.187500
4;168;0.495377;283665.000000;283725.562500
4;169;0.986461;284223.312500;284300.437500
4;170;0.386693;285301.531250;285401.406250
4;171;0.324503;285801.593750;285913.625000
4;172;2.660376;286239.156250;286344.062500
4;173;1.010339;289005.062500;289085.468750
4;174;0.390469;290098.937500;290174.593750
4;175;0.233546;290567.718750;290641.531250
4;176;0.226842;290880.250000;290944.031250
4;177;1.714488;291177.156250;291268.593750
4;178;2.501960;292989.843750;293091.468750
4;179;0.355831;295599.531250;295712.687500
4;180;0.207498;296068.312500;296157.031250
4;181;0.694352;296365.218750;296455.062500
4;182;2.366972;297162.187500;297251.312500
4;183;0.692460;299631.187500;299711.500000
4;184;0.757204;300412.531250;300504.500000
4;185;1.516197;301272.000000;301347.906250
4;186;0.597919;302865.906250;302952.687500
4;187;0.383739;303553.468750;303641.937500
4;188;0.035063;304037.906250;304092.750000
4;189;0.171133;304131.656250;304231.375000
4;190;0.120655;304412.937500;304510.375000
4;191;0.029532;304631.718750;304725.562500
4;192;0.339256;304756.718750;304817.906250
4;193;1.721048;305163.031250;305222.062500
4;194;0.247457;306944.437500;307007.000000
4;195;0.505695;307257.000000;307323.375000
4;196;0.104516;307835.187500;307889.000000
4;197;0.747359;308007.062500;308069.031250
4;198;0.496484;308819.656250;308871.062500
4;199;1.217507;309382.218750;309493.218750
4;200;0.061440;310710.500000;310766.312500
4;201;0.439919;310835.500000;310926.093750
4;202;1.296646;311366.812500;311471.062500
4;203;0.117737;312773.218750;312863.250000
4;204;1.299378;312992.000000;313080.468750
4;205;0.031085;314382.781250;314477.625000
4;206;0.749812;314523.375000;314611.593750
4;207;1.691751;315367.218750;315419.656250
4;208;0.040727;317117.437500;317193.218750
4;209;1.943517;317242.437500;317310.375000
4;210;0.893997;319258.281250;319353.531250
4;211;0.431190;320258.375000;320343.750000
4;212;2.272945;320789.687500;320864.875000
4;213;0.070995;323149.312500;323215.187500
4;214;0.393681;323289.937500;323377.906250
4;215;1.413865;323774.375000;323854.812500
4;216;2.308775;325274.531250;325357.781250
4;217;0.174866;327681.031250;327750.187500
4;218;1.167776;327931.093750;328030.781250
4;219;0.184312;329212.437500;329299.843750
4;220;0.220383;329493.718750;329588.093750
4;221;0.301171;329821.875000;329898.656250
4;222;4.135911;330212.593750;330307.781250
4;223;0.854899;334447.406250;334508.437500
4;224;0.760483;335369.343750;335443.312500
4;225;0.314494;336213.187500;336330.906250
4;226;2.509822;336650.750000;336732.750000
4;227;0.616283;339244.750000;339334.093750
4;228;0.530481;339963.625000;340041.906250
4;229;0.622591;340573.031250;340644.000000
4;230;0.557898;341276.250000;341364.906250
4;231;0.139700;341932.531250;341997.406250
4;232;1.383221;342151.312500;342251.156250
4;233;0.388030;343635.875000;343696.875000
4;234;4.418760;344089.031250;344196.812500
4;235;0.794791;348620.750000;348733.343750
4;236;0.033851;349542.750000;349621.593750
4;237;0.024577;349667.750000;349745.437500
4;238;0.377807;349777.125000;349832.187500
4;239;1.211533;350214.687500;350270.250000
4;240;1.504272;351496.062500;351608.968750
4;241;0.138443;353121.218750;353172.843750
4;242;4.899816;353324.406250;353428.375000
4;243;0.739309;358340.531250;358430.375000
4;244;2.733632;359184.375000;359277.125000


