
HORA INICIO DE MEDICION:  Mon Oct 17 11:17:34 2022

HORA FIN DE MEDICION: Mon Oct 17 11:22:34 2022
 

Parametros del experimento: 
Nº Usuarios: 5; Tpo. Reflex (seg): 1.100000; IP servidor: 192.168.203.238; Transitorio (seg): 60; Medicion (seg): 300 
N. usu.; N. pet.; Tpo Reflex(Seg); Tpo. Ini.(mseg); Tpo. Fin(mseg)
0;0;1.493910;60238.613281;60299.539063
0;1;1.124854;61814.273438;61916.511719
0;2;0.004070;63058.695313;63209.476563
0;3;0.425541;63261.289063;63408.410156
0;4;2.830004;63863.343750;63963.156250
0;5;1.079058;66805.710938;66907.929688
0;6;4.015841;68009.929688;68112.585938
0;7;0.139319;72134.398438;72253.828125
0;8;3.404890;72394.546875;72467.320313
0;9;0.999709;75901.671875;75997.382813
0;10;1.996646;77024.703125;77129.406250
0;11;0.343973;79154.093750;79258.257813
0;12;0.068348;79626.101563;79699.265625
0;13;0.397240;79803.265625;79902.601563
0;14;0.991906;80311.992188;80379.796875
0;15;0.858117;81381.984375;81536.171875
0;16;0.115050;82402.578125;82543.953125
0;17;0.166125;82680.835938;82749.906250
0;18;1.100210;82955.453125;83062.156250
0;19;0.862446;84177.921875;84267.562500
0;20;0.667791;85138.859375;85322.804688
0;21;2.184368;86051.429688;86164.289063
0;22;0.711525;88391.750000;88530.828125
0;23;1.970566;89286.937500;89444.070313
0;24;0.870046;91433.148438;91566.984375
0;25;0.602496;92445.132813;92551.703125
0;26;0.176087;93203.406250;93308.968750
0;27;0.278020;93521.843750;93623.398438
0;28;1.815507;93925.023438;94027.250000
0;29;0.567697;95874.359375;95964.171875
0;30;1.419707;96553.218750;96668.007813
0;31;0.706281;98114.171875;98225.398438
0;32;0.714735;98980.851563;99087.632813
0;33;0.038465;99840.187500;99992.507813
0;34;0.240334;100048.398438;100187.031250
0;35;0.119906;100447.679688;100585.062500
0;36;0.047892;100729.023438;100800.234375
0;37;0.285001;100869.281250;100991.320313
0;38;0.253528;101289.375000;101393.812500
0;39;0.838301;101648.570313;101799.335938
0;40;1.249340;102654.859375;102805.476563
0;41;1.101580;104088.625000;104240.171875
0;42;1.656989;105375.875000;105527.117188
0;43;0.369556;107223.835938;107279.414063
0;44;0.845446;107663.953125;107763.078125
0;45;0.185066;108622.570313;108694.445313
0;46;1.067125;108889.757813;108977.710938
0;47;0.656635;110066.406250;110167.554688
0;48;0.255897;110836.210938;110935.039063
0;49;2.911693;111242.429688;111298.820313
0;50;0.111218;114251.617188;114383.406250
0;51;0.170271;114524.062500;114580.843750
0;52;0.281830;114774.054688;114889.164063
0;53;0.240626;115212.765625;115365.789063
0;54;0.671617;115640.796875;115711.625000
0;55;0.218253;116389.101563;116496.039063
0;56;3.049814;116730.937500;116881.351563
0;57;0.074366;119934.375000;120078.976563
0;58;0.637652;120186.945313;120292.742188
0;59;1.196687;120947.562500;121053.109375
0;60;0.976792;122297.437500;122350.210938
0;61;1.069785;123338.382813;123490.054688
0;62;1.826403;124576.156250;124734.539063
0;63;1.438290;126593.390625;126749.109375
0;64;4.066091;128244.156250;128349.117188
0;65;0.487924;132457.203125;132609.500000
0;66;3.273600;133145.046875;133199.718750
0;67;0.187134;136509.140625;136651.359375
0;68;0.753801;136839.343750;136981.875000
0;69;0.541355;137757.593750;137906.562500
0;70;0.096974;138449.609375;138550.796875
0;71;0.059347;138652.125000;138754.125000
0;72;3.375614;138853.859375;138995.359375
0;73;0.600756;142387.171875;142506.453125
0;74;0.314941;143124.437500;143225.390625
0;75;0.477355;143551.062500;143699.734375
0;76;3.224045;144186.562500;144309.203125
0;77;3.339382;147557.515625;147658.171875
0;78;0.922202;151032.671875;151180.328125
0;79;0.441121;152118.562500;152222.218750
0;80;0.244938;152669.750000;152771.296875
0;81;1.181841;153033.656250;153085.046875
0;82;3.641483;154278.250000;154382.125000
0;83;2.160181;158068.921875;158169.265625
0;84;1.218422;160384.656250;160490.921875
0;85;0.652983;161740.531250;161864.203125
0;86;2.319507;162529.125000;162684.578125
0;87;1.074947;165014.906250;165114.890625
0;88;1.654569;166202.609375;166302.578125
0;89;0.166047;168008.890625;168114.921875
0;90;0.116803;168318.218750;168420.734375
0;91;0.011067;168575.046875;168725.015625
0;92;1.025499;168764.218750;168880.703125
0;93;0.318881;169965.921875;170102.296875
0;94;0.380888;170436.421875;170537.484375
0;95;2.527719;170941.640625;171043.687500
0;96;0.575600;173603.390625;173676.484375
0;97;2.044691;174264.765625;174348.812500
0;98;0.416680;176447.234375;176532.390625
0;99;0.079695;176973.765625;177117.828125
0;100;0.338799;177219.171875;177280.890625
0;101;2.683230;177669.812500;177721.906250
0;102;3.102624;180429.203125;180515.453125
0;103;0.626500;183630.937500;183732.187500
0;104;0.325405;184383.968750;184483.421875
0;105;0.360760;184849.062500;184984.656250
0;106;0.050525;185389.343750;185490.750000
0;107;1.960544;185591.890625;185693.375000
0;108;3.341480;187692.812500;187843.546875
0;109;0.681240;191188.421875;191289.968750
0;110;2.350922;192024.078125;192147.562500
0;111;0.981370;194501.265625;194637.656250
0;112;1.028574;195672.343750;195776.734375
0;113;0.724291;196821.828125;196962.312500
0;114;0.811862;197708.625000;197817.265625
0;115;0.950671;198670.281250;198774.328125
0;116;2.301678;199765.578125;199865.781250
0;117;0.109325;202176.250000;202327.687500
0;118;0.063821;202452.953125;202606.281250
0;119;3.810130;202705.437500;202830.250000
0;120;0.569555;206681.953125;206830.734375
0;121;0.536369;207448.109375;207603.312500
0;122;1.188052;208155.828125;208263.031250
0;123;0.607033;209471.656250;209554.296875
0;124;0.155440;210187.328125;210314.906250
0;125;0.289884;210484.406250;210581.078125
0;126;0.122605;210922.687500;210987.359375
0;127;3.035407;211112.406250;211174.906250
0;128;1.206193;214232.734375;214378.359375
0;129;0.923056;215610.437500;215712.937500
0;130;1.871285;216649.468750;216751.109375
0;131;0.030049;218644.500000;218697.593750
0;132;0.877698;218765.859375;218890.890625
0;133;3.308375;219780.968750;219900.093750
0;134;0.083962;223233.640625;223335.203125
0;135;0.829774;223437.375000;223489.046875
0;136;1.678702;224369.671875;224488.796875
0;137;0.509797;226207.812500;226285.921875
0;138;0.619285;226801.546875;226922.828125
0;139;1.257313;227567.000000;227715.750000
0;140;0.622650;228989.375000;229090.562500
0;141;1.744569;229745.062500;229864.250000
0;142;4.360661;231623.812500;231747.953125
0;143;1.435563;236159.890625;236247.593750
0;144;1.259420;237714.484375;237830.937500
0;145;0.559125;239106.015625;239259.234375
0;146;0.826140;239837.109375;239964.468750
0;147;1.668557;240837.375000;240934.656250
0;148;0.186736;242630.953125;242746.250000
0;149;3.523015;242950.750000;243100.812500
0;150;0.352681;246640.312500;246741.156250
0;151;0.132254;247102.468750;247199.890625
0;152;2.261606;247350.687500;247455.406250
0;153;0.537518;249744.296875;249893.750000
0;154;0.137720;250449.953125;250550.359375
0;155;1.183416;250711.921875;250814.453125
0;156;1.166903;252007.359375;252096.359375
0;157;2.050305;253313.875000;253415.953125
0;158;0.178177;255520.140625;255617.109375
0;159;2.404264;255820.312500;255897.609375
0;160;0.492484;258343.781250;258521.734375
0;161;0.656270;259064.343750;259170.734375
0;162;0.650736;259859.484375;259966.062500
0;163;1.796952;260650.015625;260753.406250
0;164;1.610445;262600.781250;262763.531250
0;165;6.099662;264397.656250;264577.531250
0;166;1.533518;270689.250000;270766.093750
0;167;0.367397;272315.093750;272367.687500
0;168;0.653347;272758.031250;272897.625000
0;169;1.325389;273584.875000;273687.093750
0;170;0.164447;275064.281250;275181.750000
0;171;0.659322;275365.125000;275513.937500
0;172;0.731187;276216.312500;276343.156250
0;173;0.575487;277124.312500;277199.750000
0;174;0.316551;277799.125000;277888.125000
0;175;0.456519;278215.156250;278343.187500
0;176;0.547412;278843.062500;278963.750000
0;177;0.314181;279568.562500;279706.156250
0;178;0.255643;280035.093750;280158.187500
0;179;0.852856;280461.781250;280563.968750
0;180;0.040727;281435.250000;281583.750000
0;181;0.255855;281636.281250;281787.843750
0;182;1.690970;282068.625000;282166.843750
0;183;0.055739;283890.718750;284047.625000
0;184;3.424347;284104.531250;284167.031250
0;185;0.927182;287628.281250;287733.937500
0;186;3.097564;288713.000000;288812.281250
0;187;0.070458;291962.000000;292063.562500
0;188;2.334542;292169.625000;292274.906250
0;189;1.392825;294639.218750;294764.125000
0;190;0.383977;296168.343750;296300.343750
0;191;2.454995;296699.625000;296818.375000
0;192;1.893212;299297.218750;299447.625000
0;193;0.318971;301386.656250;301490.156250
0;194;1.193503;301814.437500;301918.062500
0;195;1.636736;303142.968750;303278.406250
0;196;0.901514;304957.125000;305091.156250
0;197;2.397416;306028.750000;306146.468750
0;198;0.263165;308550.218750;308705.437500
0;199;1.464540;309014.437500;309123.187500
0;200;2.382674;310597.718750;310685.218750
0;201;0.136997;313086.000000;313237.187500
0;202;0.511612;313390.875000;313538.625000
0;203;0.369180;314076.500000;314185.875000
0;204;0.616812;314560.937500;314642.656250
0;205;0.111850;315268.843750;315370.718750
0;206;0.048839;315522.687500;315623.312500
0;207;0.128211;315725.281250;315826.312500
0;208;0.611707;315982.906250;316083.812500
0;209;1.390922;316722.062500;316823.062500
0;210;0.322071;318235.281250;318290.375000
0;211;0.814253;318640.625000;318740.312500
0;212;0.337247;319573.000000;319694.875000
0;213;0.471826;320072.031250;320139.625000
0;214;1.826757;320654.531250;320714.343750
0;215;2.185102;322561.812500;322664.625000
0;216;0.175693;324903.750000;324974.531250
0;217;0.253781;325155.812500;325293.750000
0;218;0.072751;325567.281250;325666.718750
0;219;0.939968;325751.968750;325889.937500
0;220;1.471426;326870.250000;327019.468750
0;221;1.896407;328502.562500;328606.000000
0;222;0.524948;330527.406250;330708.375000
0;223;0.226430;331250.187500;331347.656250
0;224;0.108806;331593.593750;331665.093750
0;225;0.960434;331816.843750;331925.062500
0;226;0.548462;332901.218750;332984.718750
0;227;2.530061;333564.968750;333671.468750
0;228;1.655627;336235.375000;336341.625000
0;229;1.794891;338001.625000;338171.031250
0;230;1.192808;339973.593750;340063.625000
0;231;0.019987;341286.281250;341391.062500
0;232;0.652557;341431.031250;341538.937500
0;233;0.415455;342255.062500;342402.312500
0;234;1.772465;342847.187500;342997.906250
0;235;2.805646;344791.218750;344923.531250
0;236;1.764923;347750.000000;347856.125000
0;237;0.006059;349669.656250;349817.906250
0;238;1.267573;349870.562500;350035.750000
0;239;1.891711;351344.906250;351444.875000
0;240;0.234876;353355.031250;353484.375000
0;241;0.448667;353730.968750;353881.968750
0;242;1.951008;354333.812500;354479.406250
0;243;5.408192;356450.750000;356600.968750
1;0;1.936077;60874.992188;60982.246094
1;1;0.069921;62956.386719;63047.476563
1;2;1.277930;63160.437500;63261.261719
1;3;6.970408;64555.050781;64675.097656
1;4;0.768285;71692.429688;71849.539063
1;5;0.210421;72675.492188;72757.968750
1;6;1.035092;73009.203125;73163.625000
1;7;0.636873;74212.609375;74316.609375
1;8;0.953623;74975.085938;75028.851563
1;9;1.160039;75997.398438;76153.898438
1;10;0.414720;77323.812500;77395.070313
1;11;0.146352;77832.625000;77914.156250
1;12;0.769501;78070.750000;78173.757813
1;13;1.924817;78961.531250;79039.265625
1;14;0.413595;80985.640625;81094.625000
1;15;0.731383;81536.328125;81641.703125
1;16;0.902581;82379.984375;82583.148438
1;17;0.971907;83490.054688;83614.679688
1;18;0.234751;84610.507813;84712.609375
1;19;0.795482;84978.882813;85032.820313
1;20;0.040832;85849.171875;85995.625000
1;21;1.679938;86051.429688;86164.156250
1;22;1.617141;87849.312500;87927.437500
1;23;0.175063;89570.898438;89699.656250
1;24;0.649039;89880.812500;89985.359375
1;25;0.606159;90647.507813;90751.468750
1;26;2.342137;91379.960938;91441.585938
1;27;1.761255;93818.679688;93924.992188
1;28;0.373697;95697.062500;95836.656250
1;29;0.338068;96263.640625;96412.710938
1;30;4.733968;96782.062500;96884.703125
1;31;0.562031;101648.585938;101772.648438
1;32;0.425392;102364.187500;102444.593750
1;33;2.309871;102897.531250;102996.492188
1;34;0.458860;105321.750000;105407.781250
1;35;1.652758;105908.257813;105965.492188
1;36;1.772801;107663.921875;107772.703125
1;37;1.750817;109564.492188;109618.554688
1;38;2.932254;111397.515625;111492.437500
1;39;1.368097;114436.398438;114564.171875
1;40;1.219235;115971.132813;116095.179688
1;41;1.969761;117344.523438;117484.585938
1;42;2.515095;119466.070313;119572.523438
1;43;0.836576;122118.867188;122258.226563
1;44;0.187094;123124.109375;123214.234375
1;45;0.187930;123415.593750;123544.039063
1;46;1.265980;123749.570313;123906.953125
1;47;0.963009;125197.570313;125284.312500
1;48;1.529735;126264.179688;126384.132813
1;49;0.290059;127938.882813;128041.062500
1;50;0.965752;128349.125000;128447.359375
1;51;0.567191;129431.554688;129533.554688
1;52;0.042470;130103.804688;130173.054688
1;53;0.250067;130260.070313;130343.671875
1;54;3.810130;130610.976563;130665.421875
1;55;3.796279;134516.593750;134615.687500
1;56;0.458758;138448.437500;138550.796875
1;57;1.969158;139014.390625;139103.281250
1;58;2.093128;141095.796875;141198.718750
1;59;2.027169;143323.609375;143452.125000
1;60;1.184400;145501.609375;145556.656250
1;61;0.926558;146788.750000;146906.734375
1;62;0.058072;147840.125000;147937.765625
1;63;0.915314;147996.359375;148134.828125
1;64;2.135577;149087.562500;149194.875000
1;65;2.097865;151383.859375;151482.109375
1;66;1.185978;153627.515625;153775.671875
1;67;0.174394;154989.484375;155090.859375
1;68;0.944474;155300.296875;155427.921875
1;69;0.302407;156418.781250;156520.828125
1;70;0.020568;156838.953125;156939.281250
1;71;4.574738;156966.031250;157101.796875
1;72;2.089757;161686.421875;161784.343750
1;73;0.694668;163901.953125;163980.875000
1;74;3.252734;164699.171875;164794.968750
1;75;0.074941;168064.140625;168167.234375
1;76;2.237475;168268.796875;168420.343750
1;77;0.002891;170690.687500;170840.984375
1;78;0.617577;170880.890625;170994.453125
1;79;1.737704;171639.468750;171739.203125
1;80;2.358058;173483.406250;173564.234375
1;81;0.270310;175984.593750;176074.781250
1;82;0.692649;176399.156250;176499.578125
1;83;0.358014;177219.171875;177296.781250
1;84;1.331229;177669.812500;177849.906250
1;85;1.603212;179193.250000;179332.015625
1;86;0.464888;180952.937500;181054.421875
1;87;0.627687;181531.921875;181631.687500
1;88;1.602491;182289.578125;182412.437500
1;89;0.316641;184052.843750;184164.218750
1;90;7.435550;184484.984375;184568.984375
1;91;1.511544;192024.078125;192147.562500
1;92;0.323827;193709.406250;193802.015625
1;93;1.611752;194126.218750;194227.281250
1;94;1.425703;195845.203125;195923.265625
1;95;0.016472;197361.031250;197447.562500
1;96;0.233048;197499.812500;197653.937500
1;97;0.691264;197921.281250;198043.875000
1;98;3.164637;198775.953125;198932.828125
1;99;3.393086;202111.437500;202221.937500
1;100;0.039161;205641.234375;205794.968750
1;101;1.128407;205846.265625;205921.156250
1;102;0.269881;207063.281250;207239.562500
1;103;4.150423;207547.593750;207655.953125
1;104;1.372180;211815.687500;211915.703125
1;105;0.835787;213330.937500;213480.484375
1;106;0.372095;214334.156250;214479.562500
1;107;0.002824;214883.593750;214980.906250
1;108;0.896270;214997.609375;215153.296875
1;109;0.500656;216064.265625;216171.765625
1;110;0.381837;216698.828125;216800.640625
1;111;1.129250;217203.421875;217304.953125
1;112;0.156059;218454.750000;218556.953125
1;113;1.581228;218728.343750;218868.125000
1;114;3.062781;220468.890625;220523.234375
1;115;1.000709;223640.625000;223726.500000
1;116;0.571134;224763.812500;224865.156250
1;117;0.108769;225462.750000;225603.421875
1;118;1.709077;225758.187500;225910.265625
1;119;1.080670;227667.796875;227801.656250
1;120;0.297645;228898.562500;229025.218750
1;121;2.375668;229347.656250;229463.625000
1;122;0.649221;231852.750000;231954.484375
1;123;2.552386;232616.906250;232712.390625
1;124;1.195890;235298.484375;235443.140625
1;125;2.091778;236647.250000;236750.625000
1;126;1.771624;238881.031250;239001.984375
1;127;0.157840;240789.953125;240985.421875
1;128;2.826053;241154.921875;241287.484375
1;129;1.235422;244116.046875;244250.890625
1;130;0.100168;245493.750000;245639.453125
1;131;0.342184;245741.078125;245814.265625
1;132;1.420928;246200.359375;246330.937500
1;133;0.120805;247756.921875;247857.750000
1;134;3.680806;248013.437500;248119.031250
1;135;0.150425;251804.265625;251907.656250
1;136;1.296537;252096.359375;252197.625000
1;137;0.696879;253522.578125;253607.296875
1;138;0.445592;254320.750000;254413.921875
1;139;2.012638;254897.906250;255003.109375
1;140;0.719696;257039.156250;257178.953125
1;141;0.269752;257905.734375;258035.718750
1;142;0.128626;258343.781250;258521.734375
1;143;0.507558;258704.000000;258808.234375
1;144;0.809477;259350.625000;259446.718750
1;145;0.882930;260289.515625;260407.703125
1;146;1.282983;261311.890625;261461.484375
1;147;0.042610;262763.531250;262851.312500
1;148;2.226494;262940.625000;263039.812500
1;149;1.630954;265284.687500;265428.750000
1;150;0.368007;267102.718750;267201.375000
1;151;0.454132;267580.968750;267688.593750
1;152;0.126176;268197.281250;268301.906250
1;153;0.589683;268446.593750;268547.437500
1;154;2.605236;269164.343750;269267.562500
1;155;2.676706;271907.843750;272009.500000
1;156;1.851232;274736.406250;274837.843750
1;157;1.617580;276722.656250;276791.250000
1;158;0.185782;278445.593750;278593.968750
1;159;0.026158;278791.468750;278876.500000
1;160;0.755802;278963.750000;279042.312500
1;161;2.496425;279833.093750;279979.093750
1;162;0.948920;282520.093750;282605.500000
1;163;0.511505;283557.687500;283658.937500
1;164;0.852346;284187.937500;284307.656250
1;165;1.327968;285167.156250;285303.875000
1;166;1.722815;286679.281250;286765.750000
1;167;0.991080;288503.250000;288589.375000
1;168;0.077567;289620.750000;289674.093750
1;169;0.234751;289761.375000;289880.968750
1;170;0.113114;290128.187500;290202.562500
1;171;0.380271;290335.937500;290414.312500
1;172;0.303601;290832.843750;290947.656250
1;173;0.758876;291261.625000;291369.906250
1;174;1.828525;292169.625000;292245.718750
1;175;3.080311;294102.343750;294290.781250
1;176;2.694448;297373.218750;297465.375000
1;177;1.486364;300206.656250;300352.343750
1;178;0.003261;301863.593750;301918.000000
1;179;0.751672;301969.687500;302075.468750
1;180;0.184709;302882.593750;302983.656250
1;181;0.492589;303179.031250;303289.125000
1;182;2.648751;303840.000000;303993.937500
1;183;0.102598;306679.125000;306829.250000
1;184;0.959229;306935.156250;307082.562500
1;185;4.899816;308085.531250;308216.468750
1;186;1.284385;313134.187500;313186.343750
1;187;1.017174;314514.625000;314592.218750
1;188;4.559801;315624.437500;315775.406250
1;189;0.661892;320349.937500;320449.250000
1;190;1.608704;321147.000000;321231.000000
1;191;0.774512;322844.437500;322992.937500
1;192;0.243429;323802.593750;323933.156250
1;193;0.024028;324207.000000;324393.843750
1;194;0.758474;324428.500000;324498.093750
1;195;1.628443;325293.437500;325415.718750
1;196;1.373817;327073.937500;327160.781250
1;197;0.706855;328554.843750;328664.312500
1;198;0.426629;329413.312500;329562.468750
1;199;0.317581;330008.718750;330165.312500
1;200;3.625051;330527.343750;330708.375000
1;201;0.094776;334344.718750;334448.187500
1;202;0.226553;334567.062500;334713.156250
1;203;0.384786;334971.281250;335117.125000
1;204;1.702903;335526.687500;335625.625000
1;205;0.137111;337337.187500;337438.375000
1;206;0.592038;337598.843750;337729.000000
1;207;0.034544;338352.812500;338451.312500
1;208;0.021355;338508.343750;338561.406250
1;209;3.385044;338612.562500;338746.875000
1;210;1.571379;342148.781250;342298.187500
1;211;0.094703;343878.062500;344008.843750
1;212;1.230171;344110.906250;344164.906250
1;213;0.533530;345408.437500;345508.625000
1;214;1.996234;346095.281250;346248.437500
1;215;0.132141;348264.593750;348349.500000
1;216;1.332581;348509.500000;348613.531250
1;217;0.274438;349966.906250;350083.593750
1;218;1.307833;350390.343750;350492.437500
1;219;0.020876;351820.562500;351958.375000
1;220;1.725551;352002.343750;352103.687500
1;221;1.715765;353832.625000;353933.281250
1;222;1.357898;355660.968750;355783.968750
1;223;0.139700;357157.437500;357306.593750
1;224;0.190083;357495.437500;357596.687500
1;225;0.576450;357803.031250;357933.531250
1;226;0.814886;358532.468750;358634.218750
1;227;0.235125;359460.562500;359577.500000
1;228;1.928880;359830.500000;359947.531250
2;0;2.964083;60283.933594;60394.566406
2;1;0.524354;63408.433594;63487.328125
2;2;2.369284;64034.460938;64114.140625
2;3;0.442174;66501.656250;66604.960938
2;4;0.135477;67064.226563;67165.070313
2;5;2.106033;67347.117188;67452.632813
2;6;0.679309;69582.742188;69737.289063
2;7;0.570288;70459.125000;70547.359375
2;8;0.114529;71142.414063;71285.085938
2;9;0.651161;71444.171875;71597.578125
2;10;0.968663;72253.898438;72355.804688
2;11;1.314356;73371.148438;73426.257813
2;12;0.061262;74769.804688;74875.171875
2;13;0.950990;74975.085938;75079.367188
2;14;1.331116;76048.210938;76144.929688
2;15;0.382170;77530.812500;77629.484375
2;16;4.418760;78020.414063;78120.281250
2;17;4.827200;82583.125000;82698.937500
2;18;2.275067;87545.953125;87600.781250
2;19;1.186471;89880.789063;89979.335938
2;20;0.010185;91197.765625;91302.804688
2;21;0.261546;91318.421875;91433.117188
2;22;0.283349;91714.203125;91776.679688
2;23;1.295883;92077.109375;92224.812500
2;24;0.146276;93521.898438;93623.390625
2;25;1.567743;93781.921875;93924.992188
2;26;0.415014;95535.750000;95642.578125
2;27;0.001781;96112.078125;96210.664063
2;28;0.234294;96263.640625;96416.593750
2;29;0.643602;96677.156250;96782.046875
2;30;4.932042;97468.742188;97554.414063
2;31;1.193105;102508.242188;102601.843750
2;32;0.975243;103841.632813;103976.015625
2;33;2.018091;104991.765625;105103.085938
2;34;2.422635;107147.507813;107331.531250
2;35;0.156059;109771.976563;109867.265625
2;36;0.401681;110066.406250;110164.164063
2;37;0.491434;110609.132813;110759.054688
2;38;0.148233;111258.046875;111364.765625
2;39;0.947727;111555.140625;111648.718750
2;40;2.243652;112625.304688;112774.890625
2;41;2.273475;115036.312500;115185.132813
2;42;0.328976;117484.601563;117573.265625
2;43;0.398493;117946.265625;118079.421875
2;44;2.575174;118522.460938;118625.460938
2;45;0.527223;121221.453125;121363.171875
2;46;0.198856;121910.070313;121994.539063
2;47;0.826709;122222.492188;122348.687500
2;48;1.315798;123212.445313;123338.367188
2;49;1.285033;124682.734375;124821.968750
2;50;2.482227;126149.101563;126228.414063
2;51;0.246281;128757.289063;128853.695313
2;52;1.055146;129103.679688;129205.007813
2;53;0.901895;130261.132813;130330.492188
2;54;0.108028;131258.171875;131359.000000
2;55;0.111961;131494.593750;131604.000000
2;56;1.308274;131770.843750;131901.734375
2;57;0.393489;133250.265625;133401.796875
2;58;0.115386;133851.125000;133942.921875
2;59;2.570301;134094.390625;134187.859375
2;60;0.332422;136766.218750;136836.734375
2;61;0.351248;137206.968750;137308.812500
2;62;0.404150;137704.968750;137768.859375
2;63;0.784399;138200.312500;138351.609375
2;64;2.900850;139152.703125;139256.250000
2;65;0.354904;142180.031250;142315.562500
2;66;2.370442;142687.468750;142792.625000
2;67;0.287048;145183.531250;145275.703125
2;68;1.865231;145574.187500;145702.468750
2;69;0.360247;147590.031250;147756.390625
2;70;0.634659;148134.843750;148199.468750
2;71;0.200910;148840.203125;149038.234375
2;72;0.423072;149248.578125;149368.859375
2;73;0.723060;149806.484375;149933.531250
2;74;1.464413;150668.484375;150762.281250
2;75;0.655295;152263.453125;152366.718750
2;76;0.369086;153033.656250;153191.718750
2;77;0.176481;153575.187500;153679.140625
2;78;0.057577;153887.328125;153942.468750
2;79;0.858849;154050.453125;154155.812500
2;80;3.141043;155065.968750;155195.625000
2;81;0.255855;158345.203125;158435.046875
2;82;0.321127;158735.093750;158880.078125
2;83;0.510491;159230.906250;159343.984375
2;84;0.596071;159899.250000;159997.593750
2;85;0.083962;160650.687500;160780.875000
2;86;0.270010;160887.046875;160966.437500
2;87;0.679371;161291.796875;161372.781250
2;88;0.233671;162095.281250;162224.390625
2;89;1.184499;162477.015625;162603.281250
2;90;1.178112;163794.890625;163850.203125
2;91;1.849427;165047.796875;165169.031250
2;92;0.431886;167067.703125;167217.093750
2;93;0.061546;167675.796875;167803.031250
2;94;3.774268;167902.765625;168008.875000
2;95;1.540578;171842.140625;171909.468750
2;96;1.897725;173452.968750;173564.234375
2;97;1.960744;175499.250000;175598.515625
2;98;0.217189;177567.281250;177702.593750
2;99;0.636573;177921.375000;178056.078125
2;100;3.278879;178702.734375;178796.453125
2;101;0.667729;182088.515625;182237.296875
2;102;1.039575;182929.328125;183017.609375
2;103;0.364354;184101.578125;184180.890625
2;104;2.241074;184555.937500;184675.625000
2;105;1.543032;186937.312500;187085.671875
2;106;0.425788;188641.265625;188751.515625
2;107;3.918192;189203.906250;189302.406250
2;108;0.616871;193263.218750;193360.546875
2;109;3.050351;193999.687500;194120.781250
2;110;3.086402;197174.484375;197267.171875
2;111;0.460032;200361.281250;200465.437500
2;112;0.644989;200939.484375;201063.796875
2;113;0.129532;201765.359375;201916.046875
2;114;5.459801;202072.109375;202230.906250
2;115;1.690970;207691.140625;207824.375000
2;116;0.432035;209528.859375;209602.671875
2;117;1.620652;210085.562500;210214.234375
2;118;0.388412;211866.390625;212011.984375
2;119;0.637891;212411.687500;212528.734375
2;120;0.551007;213177.937500;213278.125000
2;121;0.300950;213873.078125;213975.843750
2;122;0.819756;214284.609375;214481.453125
2;123;2.242104;215338.859375;215425.359375
2;124;1.416904;217680.828125;217731.656250
2;125;0.794722;219207.328125;219315.546875
2;126;0.840822;220149.593750;220283.531250
2;127;0.652375;221157.218750;221301.031250
2;128;2.123017;221963.078125;222065.359375
2;129;0.758809;224214.765625;224307.078125
2;130;0.890145;225080.968750;225190.234375
2;131;0.206687;226112.296875;226207.781250
2;132;0.279404;226426.562500;226580.734375
2;133;0.087809;226871.375000;226957.812500
2;134;1.931792;227072.828125;227195.625000
2;135;0.147427;229144.968750;229251.125000
2;136;1.193900;229411.250000;229515.234375
2;137;0.018040;230748.000000;230838.406250
2;138;1.696293;230887.515625;230941.953125
2;139;0.401149;232665.156250;232802.203125
2;140;1.697549;233209.671875;233311.765625
2;141;0.177151;235037.718750;235140.984375
2;142;0.526681;235350.156250;235423.437500
2;143;0.032605;235958.843750;236052.578125
2;144;1.146344;236108.687500;236247.593750
2;145;1.835983;237431.750000;237642.390625
2;146;1.090940;239526.437500;239665.015625
2;147;1.150253;240783.250000;240881.171875
2;148;0.689629;242080.953125;242187.953125
2;149;0.013987;242897.015625;243002.000000
2;150;9.465960;243054.468750;243207.453125
2;151;1.687851;252682.015625;252787.234375
2;152;1.793690;254516.312500;254618.125000
2;153;0.374641;256414.296875;256547.781250
2;154;1.362754;256931.078125;257018.828125
2;155;1.776509;258395.203125;258467.703125
2;156;0.020534;260303.734375;260445.750000
2;157;1.421661;260492.640625;260648.953125
2;158;0.858117;262087.953125;262192.625000
2;159;1.480416;263093.437500;263188.156250
2;160;0.445189;264680.593750;264833.125000
2;161;0.127118;265322.250000;265422.531250
2;162;0.330652;265576.781250;265727.562500
2;163;0.616577;266088.625000;266246.250000
2;164;0.527223;266905.500000;267051.125000
2;165;1.244438;267635.812500;267716.906250
2;166;0.297953;268977.937500;269131.468750
2;167;5.642251;269431.968750;269529.718750
2;168;0.896270;275181.687500;275315.656250
2;169;0.633942;276216.312500;276343.156250
2;170;0.511933;276994.406250;277086.656250
2;171;0.714799;277621.687500;277697.687500
2;172;0.027740;278445.593750;278547.031250
2;173;0.820888;278589.406250;278684.968750
2;174;2.450314;279515.406250;279605.031250
2;175;1.766762;282068.625000;282166.843750
2;176;1.393302;283963.875000;284102.625000
2;177;0.914697;285525.906250;285699.062500
2;178;0.171761;286627.406250;286714.312500
2;179;1.580945;286916.343750;287018.218750
2;180;0.231307;288605.687500;288712.968750
2;181;0.770785;288948.781250;289011.312500
2;182;3.542174;289794.437500;289950.625000
2;183;0.452662;293540.000000;293629.031250
2;184;1.127845;294102.343750;294199.343750
2;185;2.519066;295382.343750;295480.750000
2;186;1.279217;298023.218750;298121.625000
2;187;2.957643;299447.656250;299544.687500
2;188;4.678291;302548.656250;302664.312500
2;189;0.119644;307393.656250;307518.968750
2;190;0.745175;307676.093750;307789.625000
2;191;2.263970;308550.218750;308698.937500
2;192;0.361412;310995.000000;311096.718750
2;193;0.459981;311472.250000;311560.531250
2;194;0.012492;312060.687500;312154.406250
2;195;1.827640;312197.656250;312305.406250
2;196;0.519444;314185.843750;314288.968750
2;197;0.157762;314843.312500;314963.531250
2;198;3.577179;315123.500000;315270.375000
2;199;0.358525;318895.593750;319046.812500
2;200;0.157685;319452.281250;319573.000000
2;201;0.036624;319747.500000;319883.843750
2;202;1.710825;319921.125000;320051.156250
2;203;0.127344;321781.843750;321862.375000
2;204;0.036346;322036.187500;322187.593750
2;205;0.187213;322240.000000;322358.625000
2;206;3.589392;322561.812500;322655.468750
2;207;3.112246;326264.187500;326364.843750
2;208;0.853950;329517.312500;329616.468750
2;209;0.697512;330527.343750;330708.375000
2;210;5.238626;331436.656250;331490.031250
2;211;0.809547;336735.156250;336890.968750
2;212;0.072249;337714.562500;337819.406250
2;213;0.381030;337891.531250;337995.218750
2;214;1.677930;338404.843750;338559.843750
2;215;0.040448;340266.750000;340347.687500
2;216;2.041679;340401.312500;340504.375000
2;217;0.005384;342548.968750;342716.625000
2;218;0.563487;342743.250000;342897.937500
2;219;0.218498;343474.781250;343547.687500
2;220;1.072452;343774.375000;343907.750000
2;221;0.574807;344986.937500;345089.781250
2;222;2.140501;345681.062500;345839.875000
2;223;0.219604;348007.406250;348158.187500
2;224;0.636454;348401.906250;348509.437500
2;225;1.389971;349169.125000;349262.875000
2;226;6.082607;350687.687500;350788.531250
2;227;0.774920;356904.281250;357007.562500
2;228;0.539435;357796.406250;357881.000000
2;229;1.206193;358431.093750;358532.468750
2;230;0.101198;359776.500000;359848.656250
3;0;0.797352;60744.199219;60823.363281
3;1;0.514824;61643.460938;61714.863281
3;2;0.493746;62268.472656;62327.992188
3;3;2.960116;62854.660156;62956.464844
3;4;0.666744;65945.523438;66036.546875
3;5;0.213392;66706.445313;66805.695313
3;6;1.226070;67064.226563;67214.953125
3;7;0.138709;68479.742188;68624.328125
3;8;1.437422;68780.312500;68927.312500
3;9;0.383406;70394.335938;70459.125000
3;10;0.193560;70864.304688;70988.171875
3;11;0.129003;71192.421875;71339.359375
3;12;0.563431;71488.187500;71600.257813
3;13;0.312619;72204.820313;72359.804688
3;14;1.195492;72675.820313;72770.304688
3;15;1.456183;74010.859375;74065.125000
3;16;0.813409;75574.375000;75697.367188
3;17;1.710030;76536.718750;76639.554688
3;18;1.239351;78381.906250;78482.179688
3;19;1.363797;79750.570313;79848.484375
3;20;1.573061;81251.187500;81364.226563
3;21;2.775937;82955.453125;83062.156250
3;22;1.316243;85849.101563;85944.437500
3;23;0.867975;87283.390625;87440.781250
3;24;0.132065;88336.265625;88443.031250
3;25;1.026865;88584.148438;88688.195313
3;26;0.654868;89754.375000;89880.812500
3;27;1.410835;90561.703125;90700.726563
3;28;1.317576;92128.515625;92225.195313
3;29;0.379180;93573.867188;93729.257813
3;30;1.376278;94131.281250;94185.164063
3;31;0.059595;95590.890625;95748.531250
3;32;0.090540;95823.515625;95923.718750
3;33;1.724102;96053.351563;96165.812500
3;34;0.021561;97916.937500;98015.695313
3;35;0.815591;98069.140625;98162.882813
3;36;0.110067;99036.179688;99178.421875
3;37;1.257628;99338.906250;99425.312500
3;38;2.168586;100694.421875;100788.179688
3;39;0.738126;102984.734375;103088.664063
3;40;1.212240;103841.640625;104035.515625
3;41;1.534466;105272.007813;105417.539063
3;42;1.331567;106964.625000;107069.164063
3;43;0.862373;108418.984375;108570.257813
3;44;0.874274;109461.953125;109564.468750
3;45;1.122430;110450.062500;110555.265625
3;46;0.691138;111695.601563;111812.875000
3;47;2.901789;112550.078125;112676.976563
3;48;0.719180;115590.851563;115730.820313
3;49;0.266454;116496.070313;116587.789063
3;50;1.465049;116881.367188;116977.382813
3;51;1.820239;118468.570313;118560.359375
3;52;1.478097;120385.007813;120457.726563
3;53;1.991299;121960.695313;122118.843750
3;54;0.520737;124118.945313;124218.257813
3;55;0.342551;124787.289063;124928.320313
3;56;0.824221;125303.750000;125405.718750
3;57;0.052882;126247.531250;126384.132813
3;58;1.855395;126478.414063;126545.367188
3;59;0.492852;128401.781250;128552.117188
3;60;0.219154;129080.851563;129205.023438
3;61;1.900556;129447.562500;129571.296875
3;62;1.223719;131494.578125;131580.906250
3;63;0.089920;132813.578125;132915.984375
3;64;1.209414;133041.609375;133145.000000
3;65;3.383587;134366.328125;134516.578125
3;66;4.838065;137906.593750;138048.421875
3;67;0.875687;142931.421875;143027.031250
3;68;0.454639;143931.156250;144086.468750
3;69;1.204285;144581.000000;144733.875000
3;70;1.526234;145963.062500;146113.796875
3;71;0.458249;147658.171875;147756.390625
3;72;0.579630;148238.796875;148292.484375
3;73;0.063429;148934.125000;149074.546875
3;74;3.036999;149194.890625;149319.421875
3;75;0.240459;152366.750000;152465.578125
3;76;0.149386;152721.046875;152814.218750
3;77;0.683550;152979.078125;153085.015625
3;78;1.787535;153781.109375;153835.953125
3;79;0.052143;155647.000000;155703.921875
3;80;0.119831;155778.500000;155912.312500
3;81;0.452003;156081.859375;156208.531250
3;82;1.093386;156680.781250;156838.953125
3;83;1.142733;157934.890625;158018.875000
3;84;1.665501;159186.140625;159289.734375
3;85;1.430992;160988.828125;161095.281250
3;86;1.141690;162529.171875;162684.593750
3;87;1.254789;163841.812500;163956.031250
3;88;0.744317;165254.109375;165403.890625
3;89;3.762912;166202.500000;166302.578125
3;90;0.470177;170087.296875;170188.625000
3;91;1.243710;170690.687500;170840.953125
3;92;0.112370;172138.921875;172233.312500
3;93;1.157152;172388.546875;172537.875000
3;94;3.036468;173744.156250;173895.546875
3;95;0.945504;176973.765625;177117.828125
3;96;1.149489;178093.250000;178193.734375
3;97;0.772275;179343.406250;179435.593750
3;98;0.099433;180257.265625;180380.359375
3;99;0.389034;180515.453125;180637.171875
3;100;0.074007;181054.421875;181124.828125
3;101;0.297557;181207.359375;181357.390625
3;102;1.598607;181684.718750;181836.484375
3;103;0.175693;183457.968750;183559.734375
3;104;0.368194;183784.656250;183904.437500
3;105;3.738534;184282.171875;184384.281250
3;106;0.447406;188136.843750;188240.250000
3;107;0.587906;188700.531250;188815.328125
3;108;2.112199;189425.578125;189530.859375
3;109;0.420314;191661.828125;191761.671875
3;110;1.068455;192232.453125;192357.531250
3;111;5.109065;193461.921875;193563.687500
3;112;0.624662;198722.078125;198826.968750
3;113;1.674848;199455.234375;199557.218750
3;114;0.279620;201268.203125;201421.796875
3;115;0.510864;201714.250000;201800.640625
3;116;0.226058;202314.593750;202380.046875
3;117;0.630661;202612.843750;202752.171875
3;118;1.425090;203392.828125;203493.140625
3;119;2.218645;204965.875000;205072.296875
3;120;0.780093;207343.156250;207487.000000
3;121;1.043555;208312.296875;208458.500000
3;122;0.071389;209528.859375;209652.437500
3;123;0.516487;209755.656250;209883.765625
3;124;0.098882;210435.421875;210581.140625
3;125;1.040352;210735.265625;210870.109375
3;126;1.551941;211968.140625;212017.765625
3;127;0.902124;213612.671875;213666.906250
3;128;1.463778;214581.625000;214683.968750
3;129;0.062469;216171.812500;216307.218750
3;130;0.286786;216409.687500;216511.312500
3;131;1.661389;216800.671875;216887.390625
3;132;7.852989;218556.968750;218649.609375
3;133;3.972749;226510.640625;226651.093750
3;134;2.890114;230640.906250;230768.468750
3;135;1.012444;233682.562500;233771.093750
3;136;3.721588;234786.796875;234909.046875
3;137;0.263293;238631.015625;238694.812500
3;138;0.670875;239002.000000;239126.703125
3;139;0.330607;239837.109375;239964.281250
3;140;0.373320;240318.640625;240437.921875
3;141;0.350601;240837.390625;240928.046875
3;142;0.686366;241287.531250;241400.328125
3;143;2.356055;242136.468750;242290.015625
3;144;2.121168;244650.734375;244740.265625
3;145;0.173882;246881.000000;246997.843750
3;146;0.720278;247200.984375;247350.656250
3;147;2.108769;248119.062500;248267.187500
3;148;0.119233;250382.859375;250501.343750
3;149;0.351571;250659.437500;250761.296875
3;150;0.627212;251130.953125;251243.468750
3;151;0.151503;251907.687500;252007.359375
3;152;0.602264;252181.828125;252281.734375
3;153;0.241253;252945.687500;253048.828125
3;154;0.078757;253313.875000;253415.953125
3;155;2.299232;253522.578125;253632.515625
3;156;1.092027;255949.578125;256087.359375
3;157;0.009237;257180.531250;257282.468750
3;158;3.818740;257334.421875;257439.890625
3;159;0.329157;261258.359375;261361.546875
3;160;4.661890;261730.125000;261878.984375
3;161;0.227750;266540.156250;266645.218750
3;162;0.607791;266905.500000;267051.125000
3;163;1.399994;267688.656250;267814.093750
3;164;1.357898;269261.218750;269361.781250
3;165;2.764275;270741.906250;270816.437500
3;166;2.071508;273603.406250;273736.531250
3;167;1.046159;275840.093750;275988.156250
3;168;0.701697;277048.906250;277147.843750
3;169;0.747226;277869.812500;277991.375000
3;170;3.538818;278791.500000;278861.843750
3;171;0.796105;282416.843750;282520.093750
3;172;1.977231;283336.531250;283456.218750
3;173;2.216628;285473.062500;285573.406250
3;174;0.694037;287808.937500;287907.218750
3;175;0.071998;288605.687500;288660.812500
3;176;0.110401;288767.031250;288899.781250
3;177;5.903413;289011.312500;289116.250000
3;178;0.662199;295037.687500;295124.312500
3;179;1.243398;295793.375000;295895.125000
3;180;0.809337;297162.781250;297267.218750
3;181;0.021526;298129.343750;298236.218750
3;182;0.219318;298289.156250;298394.250000
3;183;4.690157;298653.250000;298760.062500
3;184;0.602728;303450.625000;303569.312500
3;185;2.557868;304200.406250;304255.281250
3;186;0.926948;306834.937500;306935.125000
3;187;0.429651;307876.062500;308031.875000
3;188;0.060304;308476.937500;308550.187500
3;189;1.045030;308650.687500;308776.750000
3;190;0.009440;309827.156250;309926.875000
3;191;0.145088;309951.000000;310017.500000
3;192;1.759425;310208.218750;310310.968750
3;193;0.656391;312112.125000;312255.625000
3;194;1.629772;312933.187500;313034.312500
3;195;0.918946;314690.281250;314791.281250
3;196;1.025670;315725.250000;315844.656250
3;197;0.978996;316875.718750;316997.656250
3;198;1.454670;317996.281250;318132.468750
3;199;0.413546;319592.718750;319694.875000
3;200;0.194761;320124.218750;320248.968750
3;201;0.706217;320452.156250;320551.875000
3;202;0.991410;321282.968750;321352.125000
3;203;1.257523;322358.656250;322459.968750
3;204;1.484291;323733.718750;323854.812500
3;205;0.122530;325345.906250;325465.000000
3;206;0.495746;325618.375000;325738.031250
3;207;0.106363;326247.687500;326413.562500
3;208;0.284610;326531.062500;326616.093750
3;209;2.187061;326918.125000;327019.437500
3;210;0.373839;329218.875000;329323.937500
3;211;0.177900;329721.656250;329801.218750
3;212;0.352080;330008.718750;330156.281250
3;213;2.815151;330527.343750;330656.343750
3;214;3.802650;333515.906250;333671.468750
3;215;0.215146;337492.562500;337641.531250
3;216;0.046805;337871.500000;337995.218750
3;217;2.330344;338047.750000;338171.031250
3;218;2.167140;340506.062500;340626.406250
3;219;0.943682;342847.187500;342965.781250
3;220;0.824647;343923.375000;343984.281250
3;221;1.210321;344829.000000;344928.031250
3;222;2.557181;346142.343750;346248.437500
3;223;1.906429;348845.843750;348947.531250
3;224;2.736861;350891.718750;350992.843750
3;225;0.492012;353780.093750;353881.906250
3;226;0.696689;354379.312500;354479.406250
3;227;0.725719;355206.187500;355305.312500
3;228;3.230356;356038.843750;356154.906250
3;229;3.762912;359408.343750;359529.718750
4;0;1.721209;60238.613281;60341.660156
4;1;0.730273;62071.566406;62222.328125
4;2;0.027947;62956.414063;63108.058594
4;3;0.024097;63160.437500;63308.644531
4;4;0.284697;63359.878906;63460.320313
4;5;0.533639;63777.062500;63862.382813
4;6;6.747947;64418.125000;64555.027344
4;7;0.223752;71339.390625;71444.140625
4;8;0.278669;71692.359375;71849.546875
4;9;1.638819;72134.398438;72253.843750
4;10;0.267952;73911.304688;74010.851563
4;11;1.756770;74302.515625;74410.414063
4;12;0.348019;76206.281250;76345.125000
4;13;2.417787;76746.429688;76864.148438
4;14;0.462790;79310.578125;79464.554688
4;15;0.367350;79953.828125;80030.820313
4;16;0.507877;80414.007813;80519.867188
4;17;0.625136;81051.710938;81147.164063
4;18;1.147963;81801.210938;81874.234375
4;19;0.217884;83062.187500;83164.765625
4;20;0.537080;83415.546875;83480.140625
4;21;2.330903;84070.992188;84176.406250
4;22;7.811474;86536.734375;86596.562500
4;23;0.810950;94445.500000;94537.554688
4;24;1.629920;95397.867188;95535.734375
4;25;1.273540;97206.937500;97362.210938
4;26;0.094081;98647.523438;98772.335938
4;27;0.958266;98884.835938;99036.164063
4;28;0.295754;100048.398438;100187.031250
4;29;1.194994;100492.765625;100545.632813
4;30;0.204098;101750.289063;101830.835938
4;31;2.789419;102053.500000;102210.382813
4;32;0.659505;105014.187500;105149.109375
4;33;0.254881;105857.476563;106010.617188
4;34;0.393969;106315.914063;106470.789063
4;35;0.287745;106911.187500;107014.109375
4;36;0.590774;107331.554688;107455.656250
4;37;1.056548;108072.601563;108180.546875
4;38;0.258654;109247.539063;109369.859375
4;39;2.875807;109670.078125;109771.968750
4;40;0.839885;112677.007813;112774.937500
4;41;0.264104;113623.265625;113774.234375
4;42;2.003472;114047.523438;114194.054688
4;43;4.066091;116234.734375;116389.085938
4;44;0.032640;120473.859375;120616.500000
4;45;0.711333;120650.343750;120794.156250
4;46;1.740478;121559.796875;121661.406250
4;47;2.554096;123415.625000;123544.039063
4;48;1.637777;126149.117188;126264.171875
4;49;2.904139;127938.882813;128041.601563
4;50;0.962043;130983.523438;131085.750000
4;51;0.702778;132097.593750;132199.687500
4;52;0.162577;132917.500000;133009.359375
4;53;4.087955;133197.796875;133299.500000
4;54;3.571123;137407.281250;137532.031250
4;55;6.439270;141130.875000;141245.593750
4;56;2.993284;147708.812500;147841.171875
4;57;0.602032;150857.359375;150979.859375
4;58;0.333740;151641.328125;151738.390625
4;59;1.487272;152090.562500;152170.000000
4;60;0.093715;153679.171875;153781.078125
4;61;2.366395;153887.562500;153943.703125
4;62;0.029463;156367.593750;156520.828125
4;63;0.557954;156575.390625;156680.812500
4;64;0.052847;157279.218750;157433.218750
4;65;1.898857;157538.234375;157597.546875
4;66;1.732665;159498.828125;159644.375000
4;67;0.117251;161427.328125;161580.500000
4;68;1.267466;161740.531250;161866.140625
4;69;0.565843;163158.328125;163290.703125
4;70;0.527223;163902.000000;163995.531250
4;71;3.194246;164530.906250;164699.171875
4;72;0.888638;167904.718750;168008.875000
4;73;2.660753;168930.046875;169029.828125
4;74;0.803189;171739.218750;171842.140625
4;75;0.712615;172686.453125;172791.468750
4;76;0.426035;173551.218750;173603.343750
4;77;3.178436;174044.500000;174162.625000
4;78;0.185782;177374.093750;177515.078125
4;79;0.155672;177719.734375;177797.562500
4;80;0.419920;177953.812500;178056.078125
4;81;0.097340;178497.562500;178599.640625
4;82;0.402988;178702.734375;178804.578125
4;83;0.096644;179230.593750;179343.437500
4;84;2.271885;179484.937500;179586.906250
4;85;0.372613;181888.140625;182035.625000
4;86;1.596169;182437.968750;182541.078125
4;87;0.706345;184140.781250;184233.093750
4;88;0.771800;184985.640625;185136.375000
4;89;1.306291;185966.812500;186068.265625
4;90;0.846822;187391.125000;187463.109375
4;91;0.735568;188361.625000;188430.906250
4;92;0.875167;189203.828125;189302.406250
4;93;0.114454;190219.625000;190324.875000
4;94;0.438768;190481.140625;190564.218750
4;95;0.324323;191036.203125;191185.703125
4;96;0.475595;191537.109375;191661.953125
4;97;1.588460;192147.609375;192251.015625
4;98;3.316558;193846.062500;193946.375000
4;99;0.038778;197276.984375;197365.515625
4;100;0.962526;197415.109375;197549.171875
4;101;2.017251;198528.921875;198670.265625
4;102;3.477714;200700.781250;200851.421875
4;103;1.158499;204365.343750;204470.312500
4;104;1.763755;205690.046875;205794.968750
4;105;0.084469;207603.312500;207704.734375
4;106;0.536260;207824.390625;207978.671875
4;107;1.198382;208559.406250;208661.234375
4;108;1.847805;209883.781250;210033.218750
4;109;0.048628;211915.703125;212017.359375
4;110;2.879481;212070.375000;212172.078125
4;111;0.275947;215065.968750;215207.750000
4;112;0.005823;215509.125000;215610.421875
4;113;1.099481;215662.921875;215814.625000
4;114;0.523219;216973.625000;217097.500000
4;115;0.100941;217629.578125;217730.093750
4;116;0.150232;217831.890625;217930.875000
4;117;3.627773;218085.671875;218185.312500
4;118;1.394017;221862.890625;221963.062500
4;119;1.693315;223379.328125;223480.921875
4;120;1.447138;225190.250000;225309.843750
4;121;0.784810;226771.765625;226871.375000
4;122;1.144252;227667.796875;227817.859375
4;123;0.479845;228989.328125;229090.562500
4;124;1.706065;229586.875000;229690.984375
4;125;1.021159;231435.593750;231569.718750
4;126;3.041254;232610.625000;232716.812500
4;127;1.196687;235810.031250;235957.046875
4;128;1.019546;237169.171875;237270.515625
4;129;0.068027;238336.296875;238442.750000
4;130;0.644868;238548.140625;238631.796875
4;131;1.639266;239314.562500;239420.921875
4;132;1.097021;241069.656250;241134.609375
4;133;0.148771;242241.046875;242341.578125
4;134;0.121780;242490.781250;242597.750000
4;135;0.392817;242746.281250;242897.062500
4;136;0.317850;243303.375000;243408.265625
4;137;0.768825;243762.953125;243912.781250
4;138;1.714328;244704.500000;244831.437500
4;139;0.302275;246553.671875;246640.265625
4;140;0.168587;246945.437500;247049.781250
4;141;1.053832;247252.546875;247350.671875
4;142;0.438417;248418.859375;248509.890625
4;143;0.336016;248976.953125;249082.406250
4;144;0.413888;249437.250000;249639.531250
4;145;2.472015;250064.500000;250168.062500
4;146;0.944870;252680.984375;252787.265625
4;147;2.517409;253747.640625;253906.015625
4;148;0.568148;256430.937500;256493.203125
4;149;0.308701;257075.250000;257178.953125
4;150;2.039962;257516.750000;257619.906250
4;151;1.034318;259703.296875;259859.453125
4;152;0.447154;260903.765625;261011.046875
4;153;0.685990;261469.875000;261572.250000
4;154;0.874869;262264.343750;262318.875000
4;155;0.267181;263239.843750;263305.468750
4;156;2.768842;263626.125000;263727.406250
4;157;1.726357;266540.250000;266645.218750
4;158;0.617282;268425.218750;268547.437500
4;159;1.106802;269165.437500;269261.218750
4;160;0.798600;270381.687500;270483.718750
4;161;0.441673;271298.593750;271398.718750
4;162;0.189644;271858.406250;272010.625000
4;163;0.578266;272212.750000;272315.062500
4;164;0.416189;272933.093750;273084.187500
4;165;0.878295;273532.343750;273634.468750
4;166;1.346307;274531.687500;274634.687500
4;167;5.315923;276038.250000;276163.906250
4;168;0.495377;281484.250000;281583.718750
4;169;0.986461;282121.062500;282260.593750
4;170;0.386693;283283.937500;283369.468750
4;171;0.324503;283761.187500;283890.687500
4;172;2.660376;284275.031250;284376.500000
4;173;1.010339;287071.250000;287222.625000
4;174;0.390469;288265.593750;288350.250000
4;175;0.233546;288767.031250;288916.812500
4;176;0.226842;289169.406250;289325.312500
4;177;1.714488;289586.031250;289741.343750
4;178;2.501960;291481.000000;291597.812500
4;179;0.355831;294131.000000;294290.781250
4;180;0.207498;294664.343750;294764.125000
4;181;0.694352;295018.343750;295090.750000
4;182;2.366972;295793.343750;295895.125000
4;183;0.692460;298289.156250;298446.093750
4;184;0.757204;299191.687500;299348.562500
4;185;1.516197;300108.000000;300246.906250
4;186;0.597919;301814.437500;301918.031250
4;187;0.383739;302548.656250;302685.656250
4;188;0.035063;303090.031250;303179.000000
4;189;0.171133;303218.281250;303338.906250
4;190;0.120655;303516.562500;303569.312500
4;191;0.029532;303714.375000;303825.343750
4;192;0.339256;303891.343750;303993.937500
4;193;1.721048;304347.000000;304497.343750
4;194;0.247457;306250.843750;306356.812500
4;195;0.505695;306625.468750;306729.468750
4;196;0.104516;307295.187500;307414.312500
4;197;0.747359;307571.937500;307769.968750
4;198;0.496484;308550.218750;308698.937500
4;199;1.217507;309216.625000;309315.687500
4;200;0.061440;310583.656250;310685.218750
4;201;0.439919;310764.500000;310841.750000
4;202;1.296646;311303.906250;311369.875000
4;203;0.117737;312707.312500;312831.531250
4;204;1.299378;312951.343750;313085.968750
4;205;0.031085;314414.718750;314514.562500
4;206;0.749812;314560.875000;314690.281250
4;207;1.691751;315470.593750;315572.187500
4;208;0.040727;317280.781250;317381.062500
4;209;1.943517;317480.875000;317576.812500
4;210;0.893997;319535.468750;319694.875000
4;211;0.431190;320604.781250;320800.500000
4;212;2.272945;321235.937500;321385.281250
4;213;0.070995;323683.125000;323802.593750
4;214;0.393681;323881.031250;323982.593750
4;215;1.413865;324393.843750;324535.500000
4;216;2.308775;325990.593750;326108.968750
4;217;0.174866;328453.125000;328657.968750
4;218;1.167776;328886.187500;328961.062500
4;219;0.184312;330165.312500;330219.750000
4;220;0.220383;330420.625000;330615.593750
4;221;0.301171;330860.750000;331006.500000
4;222;4.135911;331314.343750;331379.781250
4;223;0.854899;335526.687500;335633.500000
4;224;0.760483;336501.531250;336647.687500
4;225;0.314494;337438.531250;337544.000000
4;226;2.509822;337871.500000;337995.218750
4;227;0.616283;340525.375000;340626.406250
4;228;0.530481;341286.281250;341391.062500
4;229;0.622591;341938.843750;342095.062500
4;230;0.557898;342743.250000;342847.156250
4;231;0.139700;343423.500000;343600.000000
4;232;1.383221;343774.375000;343907.750000
4;233;0.388030;345299.250000;345406.906250
4;234;4.418760;345839.906250;345939.218750
4;235;0.794791;350390.343750;350533.468750
4;236;0.033851;351344.906250;351444.875000
4;237;0.024577;351497.187500;351633.031250
4;238;0.377807;351686.187500;351800.562500
4;239;1.211533;352224.843750;352360.406250
4;240;1.504272;353580.687500;353678.562500
4;241;0.138443;355206.187500;355305.312500
4;242;4.899816;355460.250000;355609.968750


