
HORA INICIO DE MEDICION:  Mon Oct 17 10:56:55 2022

HORA FIN DE MEDICION: Mon Oct 17 11:01:55 2022
 

Parametros del experimento: 
Nº Usuarios: 5; Tpo. Reflex (seg): 1.100000; IP servidor: 192.168.203.238; Transitorio (seg): 60; Medicion (seg): 300 
N. usu.; N. pet.; Tpo Reflex(Seg); Tpo. Ini.(mseg); Tpo. Fin(mseg)
0;0;0.004070;60969.183594;61051.511719
0;1;0.425541;61062.929688;61111.054688
0;2;2.830004;61547.367188;61645.039063
0;3;1.079058;64485.179688;64588.464844
0;4;4.015841;65672.796875;65747.664063
0;5;0.139319;69766.984375;69865.421875
0;6;3.404890;70017.015625;70116.296875
0;7;0.999709;73533.023438;73612.421875
0;8;1.996646;74626.875000;74678.937500
0;9;0.343973;76689.585938;76759.421875
0;10;0.068348;77111.523438;77186.500000
0;11;0.397240;77267.781250;77321.015625
0;12;0.991906;77720.953125;77796.179688
0;13;0.858117;78799.203125;78891.171875
0;14;0.115050;79752.421875;79853.007813
0;15;0.166125;79971.203125;80073.015625
0;16;1.100210;80252.468750;80318.578125
0;17;0.862446;81424.476563;81500.859375
0;18;0.667791;82377.710938;82480.757813
0;19;2.184368;83159.023438;83220.140625
0;20;0.711525;85409.281250;85510.039063
0;21;1.970566;86221.867188;86290.085938
0;22;0.870046;88268.953125;88357.929688
0;23;0.602496;89237.804688;89357.234375
0;24;0.176087;89972.265625;90048.179688
0;25;0.278020;90237.914063;90302.921875
0;26;1.815507;90581.703125;90634.539063
0;27;0.567697;92456.898438;92522.492188
0;28;1.419707;93097.578125;93195.867188
0;29;0.706281;94628.992188;94681.804688
0;30;0.714735;95394.695313;95472.265625
0;31;0.038465;96191.671875;96256.414063
0;32;0.240334;96301.062500;96389.101563
0;33;0.119906;96629.203125;96691.062500
0;34;0.047892;96816.734375;96870.289063
0;35;0.285001;96926.117188;96992.648438
0;36;0.253528;97285.539063;97361.851563
0;37;0.838301;97629.328125;97694.906250
0;38;1.249340;98535.656250;98620.765625
0;39;1.101580;99879.570313;99973.796875
0;40;1.656989;101082.804688;101183.875000
0;41;0.369556;102848.609375;102932.695313
0;42;0.845446;103301.789063;103391.523438
0;43;0.185066;104239.390625;104337.843750
0;44;1.067125;104536.320313;104612.726563
0;45;0.656635;105692.695313;105779.632813
0;46;0.255897;106442.765625;106511.031250
0;47;2.911693;106770.906250;106825.054688
0;48;0.111218;109739.992188;109805.523438
0;49;0.170271;109927.500000;109980.382813
0;50;0.281830;110161.906250;110214.757813
0;51;0.240626;110505.687500;110607.445313
0;52;0.671617;110849.484375;110913.992188
0;53;0.218253;111599.562500;111653.921875
0;54;3.049814;111880.835938;111979.406250
0;55;0.074366;115037.429688;115125.132813
0;56;0.637652;115209.320313;115285.507813
0;57;1.196687;115928.117188;115979.101563
0;58;0.976792;117178.281250;117281.937500
0;59;1.069785;118272.140625;118326.046875
0;60;1.826403;119397.273438;119485.179688
0;61;1.438290;121319.335938;121410.062500
0;62;4.066091;122850.757813;122915.335938
0;63;0.487924;126991.812500;127046.046875
0;64;3.273600;127538.757813;127602.289063
0;65;0.187134;130882.851563;130953.531250
0;66;0.753801;131148.515625;131204.171875
0;67;0.541355;131961.093750;132037.546875
0;68;0.096974;132586.156250;132682.515625
0;69;0.059347;132789.312500;132876.812500
0;70;3.375614;132945.562500;133021.593750
0;71;0.600756;136399.062500;136478.093750
0;72;0.314941;137086.640625;137140.109375
0;73;0.477355;137461.671875;137548.390625
0;74;3.224045;138039.875000;138108.062500
0;75;3.339382;141337.093750;141442.218750
0;76;0.922202;144790.578125;144893.812500
0;77;0.441121;145821.953125;145874.984375
0;78;0.244938;146322.000000;146375.718750
0;79;1.181841;146634.500000;146718.593750
0;80;3.641483;147900.296875;147986.125000
0;81;2.160181;151635.046875;151694.703125
0;82;1.218422;153869.656250;153943.609375
0;83;0.652983;155166.671875;155252.984375
0;84;2.319507;155916.750000;156016.937500
0;85;1.074947;158338.890625;158397.281250
0;86;1.654569;159479.640625;159558.359375
0;87;0.166047;161214.187500;161302.234375
0;88;0.116803;161479.859375;161555.921875
0;89;0.011067;161683.000000;161732.203125
0;90;1.025499;161745.484375;161824.359375
0;91;0.318881;162855.000000;162908.578125
0;92;0.380888;163230.046875;163287.703125
0;93;2.527719;163683.203125;163747.828125
0;94;0.575600;166277.218750;166329.109375
0;95;2.044691;166917.921875;167003.046875
0;96;0.416680;169058.796875;169147.609375
0;97;0.079695;169574.484375;169655.703125
0;98;0.338799;169746.359375;169842.875000
0;99;2.683230;170183.906250;170288.312500
0;100;3.102624;172981.062500;173034.875000
0;101;0.626500;176137.671875;176204.062500
0;102;0.325405;176840.875000;176925.953125
0;103;0.360760;177262.765625;177341.406250
0;104;0.050525;177715.953125;177790.687500
0;105;1.960544;177840.968750;177941.937500
0;106;3.341480;179903.687500;179991.671875
0;107;0.681240;183341.531250;183418.953125
0;108;2.350922;184107.250000;184181.343750
0;109;0.981370;186545.015625;186619.890625
0;110;1.028574;187607.640625;187661.234375
0;111;0.724291;188701.484375;188804.875000
0;112;0.811862;189529.718750;189609.968750
0;113;0.950671;190436.031250;190487.609375
0;114;2.301678;191451.796875;191550.921875
0;115;0.109325;193858.296875;193934.640625
0;116;0.063821;194045.796875;194100.328125
0;117;3.810130;194170.812500;194235.531250
0;118;0.569555;198046.250000;198109.750000
0;119;0.536369;198686.921875;198781.375000
0;120;1.188052;199327.625000;199386.453125
0;121;0.607033;200577.734375;200643.515625
0;122;0.155440;201265.328125;201341.296875
0;123;0.289884;201499.718750;201587.468750
0;124;0.122605;201890.390625;201942.750000
0;125;3.035407;202077.921875;202164.734375
0;126;1.206193;205203.234375;205290.031250
0;127;0.923056;206500.265625;206576.093750
0;128;1.871285;207500.375000;207555.203125
0;129;0.030049;209438.093750;209536.687500
0;130;0.877698;209578.718750;209701.218750
0;131;3.308375;210578.812500;210646.437500
0;132;0.083962;213969.812500;214033.593750
0;133;0.829774;214126.078125;214180.093750
0;134;1.678702;215016.781250;215090.546875
0;135;0.509797;216782.593750;216860.187500
0;136;0.619285;217376.406250;217444.765625
0;137;1.257313;218063.984375;218139.859375
0;138;0.622650;219407.875000;219499.531250
0;139;1.744569;220126.718750;220191.765625
0;140;4.360661;221939.406250;222002.343750
0;141;1.435563;226377.375000;226431.125000
0;142;1.259420;227877.531250;227974.609375
0;143;0.559125;229237.062500;229302.593750
0;144;0.826140;229862.109375;229939.968750
0;145;1.668557;230768.468750;230836.656250
0;146;0.186736;232518.656250;232581.515625
0;147;3.523015;232768.671875;232868.109375
0;148;0.352681;236394.078125;236494.718750
0;149;0.132254;236847.218750;236911.187500
0;150;2.261606;237050.390625;237127.703125
0;151;0.537518;239394.390625;239447.656250
0;152;0.137720;239988.203125;240070.265625
0;153;1.183416;240222.593750;240288.140625
0;154;1.166903;241472.718750;241538.578125
0;155;2.050305;242707.218750;242808.531250
0;156;0.178177;244863.718750;244925.937500
0;157;2.404264;245113.750000;245178.500000
0;158;0.492484;247582.734375;247678.968750
0;159;0.656270;248176.562500;248235.359375
0;160;0.650736;248895.390625;248991.609375
0;161;1.796952;249645.484375;249699.187500
0;162;1.610445;251505.046875;251604.828125
0;163;6.099662;253223.968750;253314.062500
0;164;1.533518;259427.750000;259485.843750
0;165;0.367397;261021.671875;261123.671875
0;166;0.653347;261506.093750;261560.484375
0;167;1.325389;262224.937500;262279.656250
0;168;0.164447;263615.687500;263669.687500
0;169;0.659322;263834.500000;263926.843750
0;170;0.731187;264600.187500;264685.781250
0;171;0.575487;265428.406250;265527.125000
0;172;0.316551;266115.968750;266173.500000
0;173;0.456519;266491.000000;266581.281250
0;174;0.547412;267037.937500;267091.218750
0;175;0.314181;267647.343750;267698.031250
0;176;0.255643;268022.406250;268097.625000
0;177;0.852856;268366.187500;268485.500000
0;178;0.040727;269350.687500;269421.281250
0;179;0.255855;269475.687500;269552.187500
0;180;1.690970;269819.468750;269919.250000
0;181;0.055739;271616.562500;271674.687500
0;182;3.424347;271741.562500;271804.218750
0;183;0.927182;275241.937500;275310.375000
0;184;3.097564;276242.031250;276323.531250
0;185;0.070458;279429.906250;279484.656250
0;186;2.334542;279554.906250;279630.843750
0;187;1.392825;281977.031250;282079.468750
0;188;0.383977;283477.187500;283542.125000
0;189;2.454995;283930.375000;284027.812500
0;190;1.893212;286493.125000;286582.687500
0;191;0.318971;288477.718750;288536.625000
0;192;1.193503;288868.375000;288949.781250
0;193;1.636736;290149.781250;290224.343750
0;194;0.901514;291868.687500;291946.531250
0;195;2.397416;292853.156250;292940.968750
0;196;0.263165;295353.437500;295422.750000
0;197;1.464540;295697.250000;295792.218750
0;198;2.382674;297259.906250;297323.656250
0;199;0.136997;299713.281250;299766.000000
0;200;0.511612;299916.437500;300027.437500
0;201;0.369180;300541.500000;300649.812500
0;202;0.616812;301025.937500;301125.125000
0;203;0.111850;301744.750000;301801.625000
0;204;0.048839;301916.625000;301994.250000
0;205;0.128211;302057.281250;302118.781250
0;206;0.611707;302260.437500;302362.562500
0;207;1.390922;302979.281250;303078.843750
0;208;0.322071;304479.406250;304550.500000
0;209;0.814253;304885.718750;304994.125000
0;210;0.337247;305823.312500;305876.125000
0;211;0.471826;306213.968750;306314.125000
0;212;1.826757;306792.156250;306892.562500
0;213;2.185102;308729.875000;308814.875000
0;214;0.175693;311011.343750;311102.750000
0;215;0.253781;311292.656250;311391.781250
0;216;0.072751;311652.031250;311703.250000
0;217;0.939968;311777.031250;311850.656250
0;218;1.471426;312792.781250;312880.593750
0;219;1.896407;314355.437500;314428.718750
0;220;0.524948;316340.062500;316442.187500
0;221;0.226430;316980.718750;317034.906250
0;222;0.108806;317262.000000;317336.000000
0;223;0.960434;317449.531250;317525.406250
0;224;0.548462;318496.531250;318570.500000
0;225;2.530061;319121.593750;319187.750000
0;226;1.655627;321731.218750;321814.218750
0;227;1.794891;323481.437500;323577.968750
0;228;1.192808;325372.250000;325470.406250
0;229;0.019987;326669.281250;326795.468750
0;230;0.652557;326825.531250;326889.437500
0;231;0.415455;327544.375000;327617.500000
0;232;1.772465;328044.406250;328144.531250
0;233;2.805646;329919.593750;329998.093750
0;234;1.764923;332810.531250;332917.250000
0;235;0.006059;334685.781250;334785.906250
0;236;1.267573;334795.125000;334849.750000
0;237;1.891711;336123.406250;336200.687500
0;238;0.234876;338092.375000;338166.906250
0;239;0.448667;338404.906250;338492.937500
0;240;1.951008;338951.812500;339058.125000
0;241;5.408192;341014.562500;341079.125000
0;242;1.797468;346499.500000;346554.375000
0;243;0.296589;348359.062500;348413.312500
0;244;0.852637;348718.437500;348785.343750
0;245;1.451777;349640.437500;349706.750000
0;246;1.186669;351171.875000;351223.062500
0;247;0.582476;352421.968750;352488.156250
0;248;2.472651;353078.312500;353155.875000
0;249;1.445387;355641.093750;355725.500000
0;250;0.509957;357172.500000;357260.718750
0;251;0.697955;357781.906250;357846.500000
0;252;0.261291;358547.656250;358634.718750
0;253;0.110475;358907.093750;358981.812500
0;254;3.220903;359094.562500;359171.281250
1;0;1.936077;60094.085938;60180.507813
1;1;0.069921;62125.546875;62200.562500
1;2;1.277930;62281.816406;62366.000000
1;3;6.970408;63656.972656;63725.820313
1;4;0.768285;70704.593750;70769.882813
1;5;0.210421;71548.429688;71614.085938
1;6;1.035092;71829.703125;71903.757813
1;7;0.636873;72939.195313;72999.515625
1;8;0.953623;73642.398438;73695.632813
1;9;1.160039;74658.125000;74744.570313
1;10;0.414720;75908.273438;75972.898438
1;11;0.146352;76392.687500;76466.523438
1;12;0.769501;76627.078125;76719.406250
1;13;1.924817;77502.195313;77554.132813
1;14;0.413595;79486.773438;79544.429688
1;15;0.731383;79971.195313;80060.539063
1;16;0.902581;80799.414063;80852.148438
1;17;0.971907;81768.257813;81820.289063
1;18;0.234751;82799.632813;82886.156250
1;19;0.795482;83127.781250;83201.671875
1;20;0.040832;84002.882813;84067.695313
1;21;1.679938;84112.273438;84164.796875
1;22;1.617141;85846.820313;85940.015625
1;23;0.175063;87565.757813;87645.382813
1;24;0.649039;87831.414063;87930.492188
1;25;0.606159;88581.492188;88668.882813
1;26;2.342137;89284.679688;89351.875000
1;27;1.761255;91706.820313;91771.328125
1;28;0.373697;93535.132813;93633.796875
1;29;0.338068;94019.562500;94092.046875
1;30;4.733968;94441.492188;94522.742188
1;31;0.562031;99270.125000;99345.046875
1;32;0.425392;99910.804688;99990.007813
1;33;2.309871;100426.492188;100484.421875
1;34;0.458860;102801.757813;102887.539063
1;35;1.652758;103348.671875;103407.476563
1;36;1.772801;105067.617188;105142.812500
1;37;1.750817;106927.179688;106979.617188
1;38;2.932254;108739.882813;108794.742188
1;39;1.368097;111740.195313;111791.921875
1;40;1.219235;113162.226563;113235.835938
1;41;1.969761;114459.218750;114520.562500
1;42;2.515095;116490.695313;116602.273438
1;43;0.836576;119131.609375;119220.703125
1;44;0.187094;120069.203125;120168.289063
1;45;0.187930;120366.117188;120439.617188
1;46;1.265980;120631.750000;120700.750000
1;47;0.963009;121975.640625;122046.578125
1;48;1.529735;123022.632813;123084.750000
1;49;0.290059;124616.562500;124704.562500
1;50;0.965752;125007.234375;125122.664063
1;51;0.567191;126101.101563;126188.679688
1;52;0.042470;126757.421875;126854.179688
1;53;0.250067;126898.054688;126984.929688
1;54;3.810130;127241.828125;127328.546875
1;55;3.796279;131148.515625;131241.062500
1;56;0.458758;135039.546875;135130.640625
1;57;1.969158;135602.109375;135669.875000
1;58;2.093128;137649.187500;137718.250000
1;59;2.027169;139821.296875;139894.968750
1;60;1.184400;141930.906250;141992.859375
1;61;0.926558;143181.046875;143253.687500
1;62;0.058072;144181.140625;144256.218750
1;63;0.915314;144321.781250;144373.546875
1;64;2.135577;145290.625000;145389.734375
1;65;2.097865;147525.234375;147623.328125
1;66;1.185978;149728.609375;149829.500000
1;67;0.174394;151025.593750;151082.046875
1;68;0.944474;151260.015625;151312.500000
1;69;0.302407;152260.125000;152335.781250
1;70;0.020568;152650.781250;152702.968750
1;71;4.574738;152728.906250;152816.203125
1;72;2.089757;157401.281250;157449.875000
1;73;0.694668;159542.140625;159593.484375
1;74;3.252734;160292.218750;160345.000000
1;75;0.074941;163605.078125;163680.109375
1;76;2.237475;163761.328125;163859.968750
1;77;0.002891;166105.343750;166181.234375
1;78;0.617577;166183.468750;166267.343750
1;79;1.737704;166886.671875;166959.609375
1;80;2.358058;168699.375000;168784.437500
1;81;0.270310;171152.750000;171252.656250
1;82;0.692649;171527.796875;171617.406250
1;83;0.358014;172324.750000;172449.359375
1;84;1.331229;172809.187500;172893.687500
1;85;1.603212;174231.218750;174313.484375
1;86;0.464888;175918.890625;175969.515625
1;87;0.627687;176434.578125;176485.406250
1;88;1.602491;177122.125000;177197.375000
1;89;0.316641;178809.828125;178867.859375
1;90;7.435550;179184.859375;179257.984375
1;91;1.511544;186701.296875;186756.484375
1;92;0.323827;188279.578125;188347.734375
1;93;1.611752;188685.875000;188769.937500
1;94;1.425703;190389.171875;190443.375000
1;95;0.016472;191873.718750;191942.578125
1;96;0.233048;191967.453125;192066.046875
1;97;0.691264;192311.250000;192375.578125
1;98;3.164637;193076.937500;193159.718750
1;99;3.393086;196327.312500;196384.156250
1;100;0.039161;199780.796875;199856.843750
1;101;1.128407;199905.812500;199958.171875
1;102;0.269881;201093.421875;201162.171875
1;103;4.150423;201437.218750;201510.781250
1;104;1.372180;205672.046875;205749.500000
1;105;0.835787;207125.328125;207195.875000
1;106;0.372095;208031.671875;208084.828125
1;107;0.002824;208469.203125;208522.171875
1;108;0.896270;208531.718750;208608.265625
1;109;0.500656;209516.187500;209664.640625
1;110;0.381837;210172.515625;210236.000000
1;111;1.129250;210625.687500;210724.500000
1;112;0.156059;211860.187500;211948.687500
1;113;1.581228;212110.218750;212206.390625
1;114;3.062781;213797.921875;213894.562500
1;115;1.000709;216970.109375;217034.796875
1;116;0.571134;218048.359375;218135.187500
1;117;0.108769;218720.328125;218810.562500
1;118;1.709077;218923.453125;218987.062500
1;119;1.080670;220704.875000;220759.843750
1;120;0.297645;221845.640625;221944.953125
1;121;2.375668;222251.937500;222348.843750
1;122;0.649221;224736.578125;224838.343750
1;123;2.552386;225502.296875;225567.312500
1;124;1.195890;228127.546875;228192.078125
1;125;2.091778;229393.328125;229491.250000
1;126;1.771624;231596.687500;231669.390625
1;127;0.157840;233440.593750;233516.093750
1;128;2.826053;233675.031250;233772.187500
1;129;1.235422;236612.828125;236676.781250
1;130;0.100168;237925.468750;238045.859375
1;131;0.342184;238159.875000;238223.328125
1;132;1.420928;238566.156250;238668.078125
1;133;0.120805;240097.546875;240182.984375
1;134;3.680806;240316.328125;240391.828125
1;135;0.150425;244082.375000;244155.859375
1;136;1.296537;244316.781250;244368.453125
1;137;0.696879;245676.296875;245768.406250
1;138;0.445592;246473.250000;246547.593750
1;139;2.012638;247004.546875;247092.453125
1;140;0.719696;249114.171875;249198.781250
1;141;0.269752;249926.734375;250000.859375
1;142;0.128626;250270.531250;250334.843750
1;143;0.507558;250473.671875;250525.546875
1;144;0.809477;251036.234375;251125.656250
1;145;0.882930;251942.578125;252016.375000
1;146;1.282983;252911.453125;252974.281250
1;147;0.042610;254270.984375;254372.828125
1;148;2.226494;254427.218750;254480.968750
1;149;1.630954;256708.718750;256806.734375
1;150;0.368007;258443.265625;258517.484375
1;151;0.454132;258896.437500;258994.843750
1;152;0.126176;259459.000000;259510.656250
1;153;0.589683;259646.531250;259732.609375
1;154;2.605236;260334.109375;260410.359375
1;155;2.676706;263021.875000;263079.906250
1;156;1.851232;265756.562500;265807.781250
1;157;1.617580;267663.000000;267735.718750
1;158;0.185782;269366.312500;269421.468750
1;159;0.026158;269616.343750;269667.937500
1;160;0.755802;269694.468750;269794.093750
1;161;2.496425;270553.937500;270627.187500
1;162;0.948920;273132.343750;273195.375000
1;163;0.511505;274148.062500;274228.343750
1;164;0.852346;274741.875000;274817.968750
1;165;1.327968;275679.468750;275743.562500
1;166;1.722815;277085.875000;277171.625000
1;167;0.991080;278898.593750;278956.687500
1;168;0.077567;279961.187500;280057.562500
1;169;0.234751;280148.718750;280221.875000
1;170;0.113114;280461.250000;280514.656250
1;171;0.380271;280633.125000;280707.875000
1;172;0.303601;281101.937500;281181.593750
1;173;0.758876;281492.593750;281570.625000
1;174;1.828525;282336.437500;282409.968750
1;175;3.080311;284242.875000;284318.468750
1;176;2.694448;287399.500000;287463.562500
1;177;1.486364;290165.375000;290228.406250
1;178;0.003261;291728.062500;291778.812500
1;179;0.751672;291790.531250;291855.000000
1;180;0.184709;292618.781250;292707.406250
1;181;0.492589;292900.093750;293001.250000
1;182;2.648751;293493.875000;293571.625000
1;183;0.102598;296228.531250;296302.687500
1;184;0.959229;296416.062500;296478.906250
1;185;4.899816;297447.406250;297533.125000
1;186;1.284385;302432.343750;302496.500000
1;187;1.017174;303791.843750;303867.406250
1;188;4.559801;304885.781250;304957.718750
1;189;0.661892;309526.812500;309591.937500
1;190;1.608704;310261.250000;310322.437500
1;191;0.774512;311933.343750;311986.406250
1;192;0.243429;312761.531250;312821.281250
1;193;0.024028;313074.062500;313158.625000
1;194;0.758474;313183.437500;313245.375000
1;195;1.628443;314011.687500;314082.218750
1;196;1.373817;315714.968750;315777.875000
1;197;0.706855;317152.625000;317216.968750
1;198;0.426629;317933.968750;317987.500000
1;199;0.317581;318418.406250;318518.906250
1;200;3.625051;318840.312500;318925.156250
1;201;0.094776;322559.468750;322610.593750
1;202;0.226553;322715.718750;322803.343750
1;203;0.384786;323043.875000;323097.468750
1;204;1.702903;323497.031250;323592.375000
1;205;0.137111;325309.750000;325395.500000
1;206;0.592038;325544.156250;325616.187500
1;207;0.034544;326216.093750;326276.781250
1;208;0.021355;326325.468750;326414.843750
1;209;3.385044;326450.500000;326524.250000
1;210;1.571379;329919.593750;329997.937500
1;211;0.094703;331576.031250;331650.750000
1;212;1.230171;331747.906250;331801.531250
1;213;0.533530;333044.937500;333109.218750
1;214;1.996234;333654.375000;333755.156250
1;215;0.132141;335764.000000;335842.812500
1;216;1.332581;335982.750000;336069.218750
1;217;0.274438;337404.781250;337489.906250
1;218;1.307833;337764.187500;337847.625000
1;219;0.020876;339154.968750;339229.687500
1;220;1.725551;339264.343750;339317.593750
1;221;1.715765;341045.781250;341130.312500
1;222;1.357898;342858.500000;342940.968750
1;223;0.139700;344311.781250;344380.093750
1;224;0.190083;344530.500000;344617.937500
1;225;0.576450;344811.843750;344875.906250
1;226;0.814886;345452.500000;345553.343750
1;227;0.235125;346374.468750;346427.812500
1;228;1.928880;346671.406250;346734.812500
1;229;0.625788;348671.593750;348735.937500
1;230;0.352588;349374.812500;349427.187500
1;231;1.299378;349781.062500;349856.625000
1;232;0.462739;351156.250000;351255.000000
1;233;5.155426;351718.781250;351780.218750
1;234;1.755941;356938.125000;356991.312500
1;235;0.001411;358750.781250;358803.187500
1;236;0.579289;358813.281250;358914.031250
1;237;3.333805;359500.875000;359570.125000
2;0;0.524354;61984.917969;62071.605469
2;1;2.369284;62610.015625;62685.769531
2;2;0.442174;65063.367188;65167.640625
2;3;0.135477;65610.320313;65672.609375
2;4;2.106033;65813.445313;65866.515625
2;5;0.679309;67985.546875;68056.265625
2;6;0.570288;68735.617188;68809.648438
2;7;0.114529;69391.953125;69489.265625
2;8;0.651161;69610.750000;69676.726563
2;9;0.968663;70329.531250;70390.835938
2;10;1.314356;71360.906250;71427.812500
2;11;0.061262;72751.687500;72812.234375
2;12;0.950990;72876.726563;72962.007813
2;13;1.331116;73923.687500;73977.265625
2;14;0.382170;75314.460938;75417.039063
2;15;4.418760;75814.515625;75892.148438
2;16;4.827200;80314.968750;80412.257813
2;17;2.275067;85253.015625;85350.734375
2;18;1.186471;87628.281250;87690.218750
2;19;0.010185;88878.406250;88931.632813
2;20;0.261546;88956.515625;89033.460938
2;21;0.283349;89300.304688;89381.359375
2;22;1.295883;89675.359375;89766.507813
2;23;0.146276;91066.195313;91165.062500
2;24;1.567743;91316.148438;91378.148438
2;25;0.415014;92956.945313;93046.804688
2;26;0.001781;93472.625000;93559.898438
2;27;0.234294;93566.382813;93629.875000
2;28;0.643602;93878.929688;93965.734375
2;29;4.932042;94613.375000;94675.882813
2;30;1.193105;99613.937500;99687.484375
2;31;0.975243;100895.296875;100953.835938
2;32;2.018091;101942.289063;102017.210938
2;33;2.422635;104036.257813;104091.046875
2;34;0.156059;106520.882813;106597.171875
2;35;0.401681;106755.289063;106840.937500
2;36;0.491434;107255.343750;107308.828125
2;37;0.148233;107802.289063;107941.859375
2;38;0.947727;108099.179688;108164.304688
2;39;2.243652;109114.914063;109178.703125
2;40;2.273475;111427.664063;111532.476563
2;41;0.328976;113818.546875;113923.250000
2;42;0.398493;114256.093750;114344.906250
2;43;2.575174;114756.140625;114853.468750
2;44;0.527223;117443.937500;117497.265625
2;45;0.198856;118037.734375;118114.656250
2;46;0.826709;118319.015625;118406.703125
2;47;1.315798;119240.992188;119294.320313
2;48;1.285033;120616.125000;120665.187500
2;49;2.482227;121960.023438;122031.968750
2;50;0.246281;124522.804688;124592.476563
2;51;1.055146;124850.968750;124916.523438
2;52;0.901895;125976.085938;126070.460938
2;53;0.108028;126976.179688;127068.843750
2;54;0.111961;127179.335938;127233.195313
2;55;1.308274;127351.218750;127417.890625
2;56;0.393489;128726.382813;128801.164063
2;57;0.115386;129195.179688;129298.656250
2;58;2.570301;129413.953125;129467.351563
2;59;0.332422;132039.218750;132092.718750
2;60;0.351248;132429.906250;132507.203125
2;61;0.404150;132867.437500;132931.578125
2;62;0.784399;133336.250000;133411.750000
2;63;2.900850;134211.328125;134262.765625
2;64;0.354904;137164.781250;137263.640625
2;65;2.370442;137617.968750;137712.296875
2;66;0.287048;140086.968750;140140.234375
2;67;1.865231;140430.750000;140531.015625
2;68;0.360247;142399.703125;142473.250000
2;69;0.634659;142837.250000;142954.156250
2;70;0.200910;143602.968750;143683.718750
2;71;0.423072;143884.265625;143973.156250
2;72;0.723060;144399.906250;144453.500000
2;73;1.464413;145181.250000;145280.437500
2;74;0.655295;146759.546875;146835.953125
2;75;0.369086;147493.984375;147565.500000
2;76;0.176481;147947.171875;148045.000000
2;77;0.057577;148228.437500;148279.015625
2;78;0.858849;148337.828125;148390.406250
2;79;3.141043;149259.812500;149350.515625
2;80;0.255855;152494.531250;152594.843750
2;81;0.321127;152853.937500;152954.234375
2;82;0.510491;153275.859375;153354.390625
2;83;0.596071;153869.656250;153923.437500
2;84;0.083962;154526.000000;154585.015625
2;85;0.270010;154682.250000;154759.203125
2;86;0.679371;155041.671875;155108.453125
2;87;0.233671;155791.734375;155841.687500
2;88;1.184499;156088.656250;156177.281250
2;89;1.178112;157370.046875;157466.906250
2;90;1.849427;158651.437500;158748.375000
2;91;0.431886;160604.796875;160693.187500
2;92;0.061546;161136.078125;161193.937500
2;93;3.774268;161261.062500;161312.187500
2;94;1.540578;165089.609375;165177.234375
2;95;1.897725;166730.421875;166800.046875
2;96;1.960744;168699.375000;168784.265625
2;97;0.217189;170746.468750;170846.843750
2;98;0.636573;171074.609375;171157.781250
2;99;3.278879;171809.078125;171873.578125
2;100;0.667729;175153.171875;175207.171875
2;101;1.039575;175887.640625;175976.187500
2;102;0.364354;177028.375000;177104.968750
2;103;2.241074;177481.546875;177558.828125
2;104;1.543032;179809.921875;179902.375000
2;105;0.425788;181450.718750;181535.906250
2;106;3.918192;181966.406250;182063.828125
2;107;0.616871;185982.453125;186077.453125
2;108;3.050351;186701.296875;186787.328125
2;109;3.086402;189842.218750;189932.843750
2;110;0.460032;193030.078125;193106.250000
2;111;0.644989;193577.015625;193669.218750
2;112;0.129532;194327.078125;194415.875000
2;113;5.459801;194545.859375;194633.140625
2;114;1.690970;200093.328125;200182.187500
2;115;0.432035;201874.781250;201927.078125
2;116;1.620652;202359.187500;202424.718750
2;117;0.388412;204046.890625;204110.437500
2;118;0.637891;204500.046875;204558.296875
2;119;0.551007;205203.234375;205301.593750
2;120;0.300950;205859.562500;205939.109375
2;121;0.819756;206250.218750;206299.421875
2;122;2.242104;207125.328125;207209.609375
2;123;1.416904;209453.671875;209506.734375
2;124;0.794722;210938.234375;211025.406250
2;125;0.840822;211828.937500;211889.765625
2;126;0.652375;212735.296875;212835.593750
2;127;2.123017;213501.000000;213578.171875
2;128;0.758809;215704.359375;215783.359375
2;129;0.890145;216548.218750;216625.921875
2;130;0.206687;217517.046875;217582.953125
2;131;0.279404;217798.343750;217898.890625
2;132;0.087809;218189.000000;218255.593750
2;133;1.931792;218345.281250;218412.421875
2;134;0.147427;220345.500000;220444.796875
2;135;1.193900;220595.515625;220679.437500
2;136;0.018040;221876.890625;221970.046875
2;137;1.696293;222001.906250;222055.437500
2;138;0.401149;223752.093750;223818.171875
2;139;1.697549;224220.890625;224291.906250
2;140;0.177151;226002.328125;226059.484375
2;141;0.526681;226236.750000;226337.625000
2;142;0.032605;226877.437500;226975.531250
2;143;1.146344;227018.062500;227083.156250
2;144;1.835983;228236.937500;228290.765625
2;145;1.090940;230127.765625;230222.906250
2;146;1.150253;231315.406250;231395.765625
2;147;0.689629;232549.890625;232611.500000
2;148;0.013987;233315.609375;233401.187500
2;149;9.465960;233424.968750;233501.562500
2;150;1.687851;242972.875000;243096.671875
2;151;1.793690;244785.578125;244865.546875
2;152;0.374641;246660.781250;246744.671875
2;153;1.362754;247129.562500;247181.640625
2;154;1.776509;248551.609375;248632.640625
2;155;0.020534;250411.171875;250464.781250
2;156;1.421661;250489.296875;250543.890625
2;157;0.858117;251973.828125;252073.593750
2;158;1.480416;252942.687500;252994.796875
2;159;0.445189;254489.734375;254577.781250
2;160;0.127118;255036.671875;255135.781250
2;161;0.330652;255271.078125;255369.421875
2;162;0.616577;255708.625000;255766.296875
2;163;0.527223;256396.203125;256492.468750
2;164;1.244438;257021.250000;257074.140625
2;165;0.297953;258318.250000;258423.125000
2;166;5.642251;258724.546875;258824.078125
2;167;0.896270;264475.156250;264533.812500
2;168;0.633942;265444.031250;265494.062500
2;169;0.511933;266131.562500;266183.875000
2;170;0.714799;266709.781250;266763.187500
2;171;0.027740;267491.125000;267555.937500
2;172;0.820888;267584.875000;267641.218750
2;173;2.450314;268475.593750;268540.031250
2;174;1.766762;270991.468750;271057.781250
2;175;1.393302;272835.406250;272889.812500
2;176;0.914697;274288.718750;274374.937500
2;177;0.171761;275304.437500;275405.187500
2;178;1.580945;275585.718750;275670.062500
2;179;0.231307;277257.781250;277354.468750
2;180;0.770785;277585.937500;277662.937500
2;181;3.542174;278445.406250;278525.562500
2;182;0.452662;282070.843750;282156.500000
2;183;1.127845;282617.750000;282671.375000
2;184;2.519066;283805.406250;283858.281250
2;185;1.279217;286383.750000;286471.812500
2;186;2.957643;287758.906250;287811.156250
2;187;4.678291;290774.812500;290862.281250
2;188;0.119644;295540.968750;295595.093750
2;189;0.745175;295728.468750;295810.343750
2;190;2.263970;296556.718750;296622.093750
2;191;0.361412;298900.718750;299001.093750
2;192;0.459981;299369.468750;299454.062500
2;193;0.012492;299916.437500;300053.468750
2;194;1.827640;300072.687500;300124.937500
2;195;0.519444;301963.531250;302061.281250
2;196;0.157762;302588.593750;302664.656250
2;197;3.577179;302823.000000;302899.125000
2;198;0.358525;306479.625000;306556.593750
2;199;0.157685;306917.187500;306981.531250
2;200;0.036624;307151.562500;307237.125000
2;201;1.710825;307276.562500;307364.531250
2;202;0.127344;309089.281250;309189.312500
2;203;0.036346;309323.687500;309388.562500
2;204;0.187213;309433.062500;309520.375000
2;205;3.589392;309714.312500;309786.906250
2;206;3.112246;313386.625000;313474.500000
2;207;0.853950;316590.093750;316680.593750
2;208;0.697512;317543.312500;317608.406250
2;209;5.238626;318309.000000;318406.781250
2;210;0.809547;323653.312500;323706.718750
2;211;0.072249;324528.437500;324630.593750
2;212;0.381030;324715.937500;324816.593750
2;213;1.677930;325200.375000;325304.906250
2;214;0.040448;326997.437500;327062.375000
2;215;2.041679;327106.812500;327184.062500
2;216;0.005384;329232.062500;329334.718750
2;217;0.563487;329341.437500;329395.031250
2;218;0.218498;329966.468750;330017.812500
2;219;1.072452;330247.781250;330311.531250
2;220;0.574807;331388.531250;331484.406250
2;221;2.140501;332060.468750;332160.781250
2;222;0.219604;334310.687500;334368.843750
2;223;0.636454;334591.968750;334691.312500
2;224;1.389971;335342.062500;335447.218750
2;225;6.082607;336842.250000;336896.218750
2;226;0.774920;342983.500000;343060.875000
2;227;0.539435;343842.968750;343913.187500
2;228;1.206193;344452.406250;344555.125000
2;229;0.101198;345765.062500;345841.937500
2;230;0.681552;345952.562500;346018.625000
2;231;1.283953;346702.656250;346763.781250
2;232;1.179093;348062.156250;348164.656250
2;233;0.265898;349359.187500;349423.250000
2;234;0.588880;349702.937500;349754.875000
2;235;2.716441;350343.656250;350441.406250
2;236;0.702587;353172.062500;353274.468750
2;237;0.050454;353984.656250;354070.843750
2;238;1.992530;354125.281250;354186.750000
2;239;1.379568;356188.031250;356244.781250
2;240;0.697512;357625.718750;357716.562500
2;241;0.104110;358422.656250;358504.531250
2;242;2.675559;358610.156250;358698.281250
3;0;0.514824;60359.734375;60451.742188
3;1;0.493746;60969.183594;61061.250000
3;2;2.960116;61563.015625;61634.285156
3;3;0.666744;64594.566406;64671.289063
3;4;0.213392;65344.648438;65419.699219
3;5;1.226070;65641.539063;65736.078125
3;6;0.138709;66969.820313;67050.335938
3;7;1.437422;67188.585938;67263.226563
3;8;0.383406;68704.382813;68789.515625
3;9;0.193560;69173.171875;69234.796875
3;10;0.129003;69438.812500;69531.929688
3;11;0.563431;69673.226563;69746.882813
3;12;0.312619;70313.921875;70376.359375
3;13;1.195492;70688.960938;70770.070313
3;14;1.456183;71970.343750;72070.593750
3;15;0.813409;73533.023438;73592.492188
3;16;1.710030;74408.109375;74507.398438
3;17;1.239351;76220.804688;76285.539063
3;18;1.363797;77533.437500;77604.375000
3;19;1.573061;78971.085938;79021.476563
3;20;2.775937;80596.257813;80694.578125
3;21;1.316243;83471.585938;83561.429688
3;22;0.867975;84877.968750;84968.164063
3;23;0.132065;85846.820313;85903.296875
3;24;1.026865;86049.976563;86112.015625
3;25;0.654868;87143.835938;87241.625000
3;26;1.410835;87909.531250;87999.890625
3;27;1.317576;89425.320313;89479.726563
3;28;0.379180;90800.468750;90876.492188
3;29;1.376278;91269.265625;91343.578125
3;30;0.059595;92722.562500;92822.570313
3;31;0.090540;92894.445313;92947.242188
3;32;1.724102;93050.710938;93124.937500
3;33;0.021561;94863.406250;94927.375000
3;34;0.815591;94957.156250;95046.132813
3;35;0.110067;95863.515625;95950.882813
3;36;1.257628;96066.656250;96120.570313
3;37;2.168586;97379.296875;97481.039063
3;38;0.738126;99660.796875;99758.343750
3;39;1.212240;100504.625000;100569.601563
3;40;1.534466;101786.023438;101892.046875
3;41;1.331567;103426.804688;103504.945313
3;42;0.862373;104848.843750;104924.679688
3;43;0.874274;105802.062500;105891.273438
3;44;1.122430;106770.906250;106862.195313
3;45;0.691138;107989.796875;108054.750000
3;46;2.901789;108755.492188;108819.117188
3;47;0.719180;111724.570313;111775.164063
3;48;0.266454;112505.906250;112607.734375
3;49;1.465049;112880.945313;112958.835938
3;50;1.820239;114427.976563;114494.210938
3;51;1.478097;116318.812500;116382.070313
3;52;1.991299;117865.867188;117968.585938
3;53;0.520737;119959.820313;120065.460938
3;54;0.342551;120600.515625;120683.320313
3;55;0.824221;121038.054688;121108.789063
3;56;0.052882;121944.398438;122029.882813
3;57;1.855395;122085.039063;122176.046875
3;58;0.492852;124038.382813;124119.328125
3;59;0.219154;124616.562500;124714.171875
3;60;1.900556;124944.718750;125074.648438
3;61;1.223719;126976.179688;127051.812500
3;62;0.089920;128288.828125;128389.109375
3;63;1.209414;128491.976563;128555.390625
3;64;3.383587;129773.367188;129827.453125
3;65;4.838065;133211.218750;133266.468750
3;66;0.875687;138117.984375;138181.812500
3;67;0.454639;139071.234375;139153.562500
3;68;1.204285;139618.156250;139682.671875
3;69;1.526234;140899.546875;140990.203125
3;70;0.458249;142524.718750;142590.609375
3;71;0.579630;143056.031250;143109.093750
3;72;0.063429;143696.703125;143749.906250
3;73;3.036999;143821.718750;143897.671875
3;74;0.240459;146947.062500;147021.656250
3;75;0.149386;147275.218750;147328.171875
3;76;0.683550;147478.359375;147552.500000
3;77;1.787535;148244.062500;148294.343750
3;78;0.052143;150088.031250;150164.625000
3;79;0.119831;150228.656250;150315.703125
3;80;0.452003;150447.421875;150512.406250
3;81;1.093386;150978.734375;151081.859375
3;82;1.142733;152182.000000;152270.015625
3;83;1.665501;153416.484375;153471.437500
3;84;1.430992;155151.062500;155214.078125
3;85;1.141690;156651.218750;156751.906250
3;86;1.254789;157901.343750;157955.437500
3;87;0.744317;159213.984375;159282.375000
3;88;3.762912;160026.562500;160085.531250
3;89;0.470177;163855.093750;163957.140625
3;90;1.243710;164433.281250;164491.593750
3;91;0.112370;165745.937500;165870.406250
3;92;1.157152;165995.953125;166080.859375
3;93;3.036468;167246.093750;167321.593750
3;94;0.945504;170371.421875;170471.640625
3;95;1.149489;171418.406250;171505.515625
3;96;0.772275;172668.531250;172741.812500
3;97;0.099433;173528.015625;173629.515625
3;98;0.389034;173731.156250;173794.671875
3;99;0.074007;174184.312500;174273.796875
3;100;0.297557;174356.203125;174442.312500
3;101;1.598607;174746.906250;174846.046875
3;102;0.175693;176450.171875;176536.031250
3;103;0.368194;176715.859375;176779.390625
3;104;3.738534;177153.375000;177237.546875
3;105;0.447406;180981.937500;181039.750000
3;106;0.587906;181497.593750;181592.468750
3;107;2.112199;182185.171875;182272.984375
3;108;0.420314;184388.531250;184487.484375
3;109;1.068455;184919.843750;184982.812500
3;110;5.109065;186060.578125;186150.015625
3;111;0.624662;191264.281250;191365.078125
3;112;1.674848;191998.703125;192084.031250
3;113;0.279620;193764.531250;193819.234375
3;114;0.510864;194108.296875;194185.656250
3;115;0.226058;194702.125000;194789.140625
3;116;0.630661;195030.296875;195105.781250
3;117;1.425090;195749.125000;195815.453125
3;118;2.218645;197249.281250;197348.546875
3;119;0.780093;199577.640625;199666.765625
3;120;1.043555;200452.750000;200505.375000
3;121;0.071389;201562.234375;201615.515625
3;122;0.516487;201687.234375;201742.015625
3;123;0.098882;202265.437500;202331.625000
3;124;1.040352;202437.328125;202491.734375
3;125;1.551941;203546.812500;203651.312500
3;126;0.902124;205203.234375;205324.828125
3;127;1.463778;206234.609375;206308.031250
3;128;0.062469;207781.640625;207857.484375
3;129;0.286786;207922.281250;207998.046875
3;130;1.661389;208297.328125;208352.000000
3;131;7.852989;210016.250000;210097.109375
3;132;3.972749;217954.609375;218028.781250
3;133;2.890114;222001.906250;222074.828125
3;134;1.012444;224970.953125;225035.984375
3;135;3.721588;226049.203125;226124.125000
3;136;0.263293;229846.484375;229917.531250
3;137;0.670875;230190.265625;230238.078125
3;138;0.330607;230909.109375;230983.984375
3;139;0.373320;231315.406250;231397.937500
3;140;0.350601;231784.203125;231871.578125
3;141;0.686366;232221.765625;232297.968750
3;142;2.356055;232987.453125;233083.156250
3;143;2.121168;235440.843750;235534.078125
3;144;0.173882;237659.828125;237711.625000
3;145;0.720278;237894.218750;238044.812500
3;146;2.108769;238769.312500;238833.109375
3;147;0.119233;240941.406250;241017.421875
3;148;0.351571;241144.562500;241243.875000
3;149;0.627212;241597.734375;241688.109375
3;150;0.151503;242316.562500;242370.828125
3;151;0.602264;242535.343750;242621.937500
3;152;0.241253;243238.531250;243335.437500
3;153;0.078757;243582.312500;243682.031250
3;154;2.299232;243769.828125;243822.218750
3;155;1.092027;246129.468750;246187.718750
3;156;0.009237;247285.812500;247347.218750
3;157;3.818740;247363.953125;247465.468750
3;158;0.329157;251286.296875;251352.140625
3;159;4.661890;251692.546875;251767.828125
3;160;0.227750;256443.046875;256525.750000
3;161;0.607791;256755.593750;256828.609375
3;162;1.399994;257443.171875;257535.609375
3;163;1.357898;258943.312500;258992.812500
3;164;2.764275;260365.328125;260425.546875
3;165;2.071508;263193.781250;263271.656250
3;166;1.046159;265350.250000;265451.281250
3;167;0.701697;266506.625000;266567.531250
3;168;0.747226;267272.343750;267326.093750
3;169;3.538818;268084.906250;268186.375000
3;170;0.796105;271725.937500;271778.656250
3;171;1.977231;272585.375000;272640.031250
3;172;2.216628;274632.500000;274719.031250
3;173;0.694037;276945.218750;277009.125000
3;174;0.071998;277710.937500;277787.437500
3;175;0.110401;277867.218750;277929.531250
3;176;5.903413;278054.750000;278141.812500
3;177;0.662199;284055.375000;284132.968750
3;178;1.243398;284805.468750;284874.093750
3;179;0.809337;286118.093750;286198.687500
3;180;0.021526;287008.812500;287069.437500
3;181;0.219318;287102.562500;287177.968750
3;182;4.690157;287399.500000;287461.093750
3;183;0.602728;292165.625000;292229.968750
3;184;2.557868;292837.562500;292911.718750
3;185;0.926948;295478.468750;295528.250000
3;186;0.429651;296462.937500;296537.531250
3;187;0.060304;296978.625000;297035.406250
3;188;1.045030;297103.656250;297156.375000
3;189;0.009440;298213.125000;298279.437500
3;190;0.145088;298291.250000;298391.843750
3;191;1.759425;298541.281250;298643.437500
3;192;0.656391;300416.500000;300480.312500
3;193;1.629772;301150.937500;301218.187500
3;194;0.918946;302854.250000;302939.031250
3;195;1.025670;303869.968750;303970.843750
3;196;0.978996;305010.718750;305075.500000
3;197;1.454670;306057.718750;306143.937500
3;198;0.413546;307604.750000;307679.968750
3;199;0.194761;308104.781250;308201.937500
3;200;0.706217;308401.687500;308479.031250
3;201;0.991410;309198.656250;309286.281250
3;202;1.257523;310292.500000;310344.656250
3;203;1.484291;311605.156250;311655.000000
3;204;0.122530;313152.218750;313251.406250
3;205;0.495746;313386.593750;313487.437500
3;206;0.106363;313996.062500;314062.718750
3;207;0.284610;314183.562500;314260.031250
3;208;2.187061;314558.625000;314631.968750
3;209;0.373839;316824.468750;316898.593750
3;210;0.177900;317277.656250;317373.343750
3;211;0.352080;317558.906250;317645.375000
3;212;2.815151;318012.093750;318101.531250
3;213;3.802650;320918.656250;321019.187500
3;214;0.215146;324825.312500;324890.531250
3;215;0.046805;325106.625000;325205.531250
3;216;2.330344;325262.843750;325350.250000
3;217;2.167140;327685.000000;327772.718750
3;218;0.943682;329950.843750;330025.375000
3;219;0.824647;330982.218750;331075.093750
3;220;1.210321;331904.218750;331991.531250
3;221;2.557181;333216.843750;333305.156250
3;222;1.906429;335873.375000;335949.875000
3;223;2.736861;337857.937500;337959.312500
3;224;0.492012;340702.031250;340782.781250
3;225;0.696689;341280.187500;341333.406250
3;226;0.725719;342030.281250;342122.750000
3;227;3.230356;342858.500000;342953.968750
3;228;3.762912;346186.968750;346263.250000
3;229;0.534949;350031.156250;350108.875000
3;230;0.055351;350656.156250;350743.781250
3;231;1.494040;350812.437500;350889.281250
3;232;1.719765;352390.781250;352460.812500
3;233;0.248467;354187.781250;354242.843750
3;234;4.171067;354500.343750;354588.031250
3;235;0.113858;358766.406250;358866.312500
3;236;0.686993;358985.187500;359075.093750
3;237;0.704241;359766.531250;359832.125000
4;0;0.730273;60281.605469;60334.589844
4;1;0.027947;61078.558594;61149.023438
4;2;0.024097;61187.949219;61253.437500
4;3;0.284697;61281.710938;61356.367188
4;4;0.533639;61641.109375;61743.183594
4;5;6.747947;62281.816406;62379.058594
4;6;0.223752;69126.296875;69230.804688
4;7;0.278669;69454.445313;69523.960938
4;8;1.638819;69813.851563;69896.453125
4;9;0.267952;71548.429688;71601.570313
4;10;1.756770;71876.585938;71927.890625
4;11;0.348019;73689.265625;73766.203125
4;12;2.417787;74126.828125;74192.593750
4;13;0.462790;76611.468750;76673.328125
4;14;0.367350;77142.757813;77213.406250
4;15;0.507877;77595.937500;77684.085938
4;16;0.625136;78205.390625;78263.601563
4;17;1.147963;78892.953125;79006.093750
4;18;0.217884;80158.710938;80235.226563
4;19;0.537080;80455.625000;80532.695313
4;20;2.330903;81080.695313;81156.906250
4;21;7.811474;83487.187500;83561.617188
4;22;0.810950;91378.648438;91433.093750
4;23;1.629920;92253.757813;92359.671875
4;24;1.273540;94003.937500;94101.390625
4;25;0.094081;95379.085938;95460.601563
4;26;0.958266;95566.609375;95632.437500
4;27;0.295754;96597.968750;96684.101563
4;28;1.194994;96988.632813;97041.546875
4;29;0.204098;98238.765625;98308.226563
4;30;2.789419;98520.046875;98582.726563
4;31;0.659505;101379.718750;101453.804688
4;32;0.254881;102114.179688;102178.257813
4;33;0.393969;102442.335938;102517.593750
4;34;0.287745;102911.132813;102964.101563
4;35;0.590774;103254.929688;103351.406250
4;36;1.056548;103942.492188;104001.640625
4;37;0.258654;105067.617188;105129.742188
4;38;2.875807;105395.781250;105481.781250
4;39;0.839885;108364.835938;108461.882813
4;40;0.264104;109302.437500;109354.789063
4;41;2.003472;109630.601563;109727.085938
4;42;4.066091;111740.195313;111828.710938
4;43;0.032640;115896.898438;115948.648438
4;44;0.711333;115990.640625;116080.023438
4;45;1.740478;116803.234375;116855.890625
4;46;2.554096;118600.312500;118698.054688
4;47;1.637777;121256.859375;121359.875000
4;48;2.904139;123007.023438;123070.531250
4;49;0.962043;125976.085938;126070.273438
4;50;0.702778;127038.671875;127091.945313
4;51;0.162577;127804.398438;127890.867188
4;52;4.087955;128054.429688;128130.375000
4;53;3.571123;132226.750000;132314.937500
4;54;6.439270;135899.031250;135996.093750
4;55;2.993284;142446.578125;142495.171875
4;56;0.602032;145493.781250;145580.984375
4;57;0.333740;146196.984375;146276.031250
4;58;1.487272;146618.906250;146704.640625
4;59;0.093715;148197.187500;148250.468750
4;60;2.366395;148353.453125;148419.375000
4;61;0.029463;150791.218750;150857.171875
4;62;0.557954;150900.609375;151000.062500
4;63;0.052847;151572.562500;151670.078125
4;64;1.898857;151728.812500;151805.125000
4;65;1.732665;153713.406250;153801.078125
4;66;0.117251;155541.734375;155632.531250
4;67;1.267466;155760.500000;155847.937500
4;68;0.565843;157120.015625;157174.000000
4;69;0.527223;157745.078125;157834.218750
4;70;3.194246;158370.140625;158446.656250
4;71;0.888638;161651.734375;161726.312500
4;72;2.660753;162620.593750;162712.031250
4;73;0.803189;165386.531250;165451.250000
4;74;0.712615;166261.609375;166323.593750
4;75;0.426035;167042.937500;167097.093750
4;76;3.178436;167527.375000;167602.765625
4;77;0.185782;170793.343750;170870.421875
4;78;0.155672;171059.000000;171144.500000
4;79;0.419920;171309.015625;171410.218750
4;80;0.097340;171840.312500;171901.203125
4;81;0.402988;172012.218750;172085.687500
4;82;0.096644;172496.671875;172596.203125
4;83;2.271885;172699.796875;172786.093750
4;84;0.372613;175059.421875;175160.093750
4;85;1.596169;175543.843750;175613.609375
4;86;0.706345;177215.890625;177301.281250
4;87;0.771800;178012.859375;178076.500000
4;88;1.306291;178856.687500;178945.187500
4;89;0.846822;180263.109375;180328.703125
4;90;0.735568;181185.062500;181274.234375
4;91;0.875167;182013.265625;182109.218750
4;92;0.114454;182997.781250;183077.843750
4;93;0.438768;183200.937500;183303.312500
4;94;0.324323;183747.843750;183853.703125
4;95;0.475595;184185.390625;184249.453125
4;96;1.588460;184732.328125;184785.156250
4;97;3.316558;186388.750000;186464.062500
4;98;0.038778;189795.375000;189847.781250
4;99;0.962526;189889.109375;189991.484375
4;100;2.017251;190967.359375;191037.500000
4;101;3.477714;193061.328125;193122.281250
4;102;1.158499;196608.578125;196661.453125
4;103;1.763755;197827.468750;197895.984375
4;104;0.084469;199671.421875;199736.265625
4;105;0.536260;199827.671875;199929.234375
4;106;1.198382;200468.343750;200542.390625
4;107;1.847805;201749.750000;201803.562500
4;108;0.048628;203656.203125;203744.671875
4;109;2.879481;203796.843750;203872.203125
4;110;0.275947;206765.906250;206819.843750
4;111;0.005823;207109.703125;207203.359375
4;112;1.099481;207219.062500;207308.171875
4;113;0.523219;208422.328125;208487.390625
4;114;0.100941;209016.156250;209107.812500
4;115;0.150232;209219.296875;209284.546875
4;116;3.627773;209438.078125;209536.312500
4;117;1.394017;213172.843750;213230.062500
4;118;1.693315;214626.125000;214729.531250
4;119;1.447138;216423.203125;216515.296875
4;120;0.784810;217970.203125;218020.265625
4;121;1.144252;218814.046875;218878.312500
4;122;0.479845;220032.953125;220113.765625
4;123;1.706065;220595.515625;220694.640625
4;124;1.021159;222408.203125;222495.375000
4;125;3.041254;223517.687500;223596.750000
4;126;1.196687;226643.031250;226729.812500
4;127;1.019546;227940.015625;228040.343750
4;128;0.068027;229065.156250;229158.031250
4;129;0.644868;229237.125000;229304.359375
4;130;1.639266;229955.859375;230010.453125
4;131;1.097021;231659.187500;231746.609375
4;132;0.148771;232846.812500;232911.140625
4;133;0.121780;233065.578125;233159.625000
4;134;0.392817;233284.359375;233336.000000
4;135;0.317850;233737.531250;233786.765625
4;136;0.768825;234112.562500;234205.562500
4;137;1.714328;234987.671875;235073.140625
4;138;0.302275;236800.359375;236864.156250
4;139;0.168587;237175.390625;237261.968750
4;140;1.053832;237441.046875;237528.062500
4;141;0.438417;238581.781250;238679.500000
4;142;0.336016;239128.718750;239229.156250
4;143;0.413888;239566.265625;239641.656250
4;144;2.472015;240066.296875;240137.328125
4;145;0.944870;242613.453125;242702.625000
4;146;2.517409;243660.453125;243737.203125
4;147;0.568148;246254.468750;246318.281250
4;148;0.308701;246895.156250;246947.296875
4;149;2.039962;247270.203125;247332.250000
4;150;1.034318;249379.828125;249432.140625
4;151;0.447154;250473.671875;250568.031250
4;152;0.685990;251020.609375;251101.328125
4;153;0.874869;251801.937500;251890.843750
4;154;0.267181;252770.796875;252841.765625
4;155;2.768842;253114.578125;253202.125000
4;156;1.726357;255974.281250;256071.546875
4;157;0.617282;257802.593750;257901.453125
4;158;1.106802;258521.406250;258610.500000
4;159;0.798600;259724.671875;259775.921875
4;160;0.441673;260584.140625;260639.031250
4;161;0.189644;261084.171875;261131.890625
4;162;0.578266;261334.203125;261410.921875
4;163;0.416189;261990.531250;262044.953125
4;164;0.878295;262474.937500;262564.093750
4;165;1.346307;263443.812500;263544.218750
4;166;5.315923;264897.093750;264997.281250
4;167;0.495377;270319.531250;270389.187500
4;168;0.986461;270897.718750;270986.906250
4;169;0.386693;271975.968750;272063.062500
4;170;0.324503;272460.406250;272567.468750
4;171;2.660376;272897.937500;272974.031250
4;172;1.010339;275648.218750;275732.500000
4;173;0.390469;276757.718750;276816.843750
4;174;0.233546;277210.875000;277284.031250
4;175;0.226842;277523.406250;277621.625000
4;176;1.714488;277851.593750;277903.656250
4;177;2.501960;279633.000000;279704.031250
4;178;0.355831;282211.406250;282313.343750
4;179;0.207498;282680.250000;282769.218750
4;180;0.694352;282977.125000;283030.062500
4;181;2.366972;283727.218750;283790.656250
4;182;0.692460;286164.968750;286215.875000
4;183;0.757204;286915.031250;287016.531250
4;184;1.516197;287774.531250;287849.250000
4;185;0.597919;289368.437500;289454.625000
4;186;0.383739;290056.031250;290114.531250
4;187;0.035063;290509.187500;290595.937500
4;188;0.171133;290634.187500;290723.281250
4;189;0.120655;290899.843750;290987.843750
4;190;0.029532;291118.625000;291172.093750
4;191;0.339256;291212.375000;291312.218750
4;192;1.721048;291665.562500;291745.500000
4;193;0.247457;293478.250000;293549.906250
4;194;0.505695;293806.437500;293904.562500
4;195;0.104516;294415.843750;294487.218750
4;196;0.747359;294603.343750;294703.375000
4;197;0.496484;295462.843750;295536.875000
4;198;1.217507;296041.031250;296094.500000
4;199;0.061440;297322.406250;297385.093750
4;200;0.439919;297447.406250;297502.312500
4;201;1.296646;297947.468750;298013.687500
4;202;0.117737;299322.625000;299409.843750
4;203;1.299378;299541.375000;299617.625000
4;204;0.031085;300932.156250;300985.343750
4;205;0.749812;301025.968750;301081.468750
4;206;1.691751;301838.500000;301903.812500
4;207;0.040727;303604.343750;303659.750000
4;208;1.943517;303713.687500;303802.468750
4;209;0.893997;305760.812500;305815.125000
4;210;0.431190;306714.031250;306811.312500
4;211;2.272945;307245.343750;307319.718750
4;212;0.070995;309604.968750;309658.531250
4;213;0.393681;309729.937500;309791.312500
4;214;1.413865;310198.781250;310278.781250
4;215;2.308775;311698.937500;311760.562500
4;216;0.174866;314074.187500;314149.312500
4;217;1.167776;314324.187500;314387.093750
4;218;0.184312;315558.718750;315643.906250
4;219;0.220383;315840.000000;315914.812500
4;220;0.301171;316136.906250;316189.906250
4;221;4.135911;316496.312500;316581.937500
4;222;0.854899;320731.156250;320806.750000
4;223;0.760483;321668.750000;321769.343750
4;224;0.314494;322543.843750;322635.250000
4;225;2.509822;322950.125000;323013.843750
4;226;0.616283;325528.500000;325626.187500
4;227;0.530481;326247.343750;326330.500000
4;228;0.622591;326872.375000;326934.593750
4;229;0.557898;327560.000000;327646.781250
4;230;0.139700;328216.312500;328292.593750
4;231;1.383221;328435.093750;328511.625000
4;232;0.388030;329903.968750;329991.250000
4;233;4.418760;330388.406250;330477.187500
4;234;0.794791;334904.500000;335004.468750
4;235;0.033851;335810.843750;335883.218750
4;236;0.024577;335920.250000;335997.250000
4;237;0.377807;336029.625000;336128.687500
4;238;1.211533;336514.062500;336568.343750
4;239;1.504272;337779.812500;337849.968750
4;240;0.138443;339358.093750;339409.750000
4;241;4.899816;339561.250000;339614.343750
4;242;0.739309;344514.906250;344590.218750
4;243;2.733632;345343.156250;345435.687500
4;244;0.881507;348171.531250;348223.312500
4;245;0.354209;349109.156250;349178.437500
4;246;0.973045;349546.687500;349625.187500
4;247;1.000292;350609.312500;350673.843750
4;248;0.044461;351687.562500;351773.968750
4;249;2.218897;351828.156250;351917.093750
4;250;1.335177;354140.937500;354225.531250
4;251;0.554503;355562.968750;355642.687500
4;252;1.523548;356203.625000;356277.687500
4;253;1.680712;357813.218750;357863.468750
4;254;1.402274;359547.750000;359680.937500


