
HORA INICIO DE MEDICION:  Mon Oct 17 11:11:21 2022

HORA FIN DE MEDICION: Mon Oct 17 11:16:21 2022
 

Parametros del experimento: 
Nº Usuarios: 5; Tpo. Reflex (seg): 1.100000; IP servidor: 192.168.203.238; Transitorio (seg): 60; Medicion (seg): 300 
N. usu.; N. pet.; Tpo Reflex(Seg); Tpo. Ini.(mseg); Tpo. Fin(mseg)
0;0;1.124854;61160.324219;61259.183594
0;1;0.004070;62412.355469;62534.976563
0;2;0.425541;62582.476563;62660.769531
0;3;2.830004;63145.132813;63234.992188
0;4;1.079058;66068.125000;66129.007813
0;5;4.015841;67270.078125;67426.335938
0;6;0.139319;71461.835938;71537.203125
0;7;3.404890;71716.179688;71855.539063
0;8;0.999709;75274.789063;75411.960938
0;9;1.996646;76424.117188;76514.250000
0;10;0.343973;78552.929688;78639.507813
0;11;0.068348;79038.710938;79092.632813
0;12;0.397240;79162.414063;79274.039063
0;13;0.991906;79709.109375;79811.968750
0;14;0.858117;80834.789063;80936.406250
0;15;0.115050;81834.531250;81942.070313
0;16;0.166125;82076.914063;82164.054688
0;17;1.100210;82368.468750;82448.375000
0;18;0.862446;83571.296875;83700.539063
0;19;0.667791;84611.250000;84763.812500
0;20;2.184368;85449.304688;85549.578125
0;21;0.711525;87779.703125;87851.953125
0;22;1.970566;88573.265625;88648.539063
0;23;0.870046;90632.398438;90697.570313
0;24;0.602496;91606.195313;91699.640625
0;25;0.176087;92350.406250;92445.023438
0;26;0.278020;92648.234375;92747.554688
0;27;1.815507;93051.890625;93105.195313
0;28;0.567697;94929.679688;95036.046875
0;29;1.419707;95623.546875;95725.187500
0;30;0.706281;97155.781250;97256.679688
0;31;0.714735;97979.062500;98053.601563
0;32;0.038465;98793.351563;98914.515625
0;33;0.240334;98965.320313;99115.843750
0;34;0.119906;99372.523438;99474.867188
0;35;0.047892;99609.859375;99727.054688
0;36;0.285001;99789.757813;99891.859375
0;37;0.253528;100216.945313;100336.484375
0;38;0.838301;100640.796875;100742.789063
0;39;1.249340;101613.312500;101758.554688
0;40;1.101580;103021.765625;103128.742188
0;41;1.656989;104270.609375;104362.359375
0;42;0.369556;106063.406250;106196.476563
0;43;0.845446;106597.929688;106673.562500
0;44;0.185066;107541.867188;107649.796875
0;45;1.067125;107860.765625;108017.125000
0;46;0.656635;109115.312500;109212.476563
0;47;0.255897;109868.812500;109973.398438
0;48;2.911693;110275.046875;110379.523438
0;49;0.111218;113292.070313;113412.359375
0;50;0.170271;113552.062500;113654.195313
0;51;0.281830;113854.578125;113929.867188
0;52;0.240626;114213.539063;114306.710938
0;53;0.671617;114564.851563;114712.164063
0;54;0.218253;115387.398438;115510.007813
0;55;3.049814;115761.023438;115885.046875
0;56;0.074366;118963.476563;119077.265625
0;57;0.637652;119181.593750;119337.804688
0;58;1.196687;119982.703125;120122.148438
0;59;0.976792;121328.781250;121461.093750
0;60;1.069785;122487.929688;122553.328125
0;61;1.826403;123656.179688;123780.867188
0;62;1.438290;125629.109375;125746.921875
0;63;4.066091;127212.421875;127278.718750
0;64;0.487924;131395.250000;131495.687500
0;65;3.273600;132001.703125;132122.437500
0;66;0.187134;135402.781250;135503.781250
0;67;0.753801;135699.671875;135798.796875
0;68;0.541355;136567.156250;136688.062500
0;69;0.096974;137262.421875;137331.359375
0;70;0.059347;137481.031250;137559.203125
0;71;3.375614;137621.703125;137683.593750
0;72;0.600756;141060.093750;141182.734375
0;73;0.314941;141828.750000;141954.046875
0;74;0.477355;142300.687500;142450.328125
0;75;3.224045;142979.656250;143078.484375
0;76;3.339382;146329.093750;146414.453125
0;77;0.922202;149776.250000;149878.843750
0;78;0.441121;150822.312500;150921.093750
0;79;0.244938;151392.500000;151494.078125
0;80;1.181841;151757.421875;151880.734375
0;81;3.641483;153097.093750;153202.046875
0;82;2.160181;156894.796875;157052.500000
0;83;1.218422;159233.421875;159389.312500
0;84;0.652983;160624.171875;160679.078125
0;85;2.319507;161373.000000;161478.000000
0;86;1.074947;163813.656250;163931.937500
0;87;1.654569;165053.484375;165179.906250
0;88;0.166047;166866.328125;167015.437500
0;89;0.116803;167219.531250;167280.421875
0;90;0.011067;167421.750000;167534.796875
0;91;1.025499;167579.125000;167726.421875
0;92;0.318881;168801.781250;168901.296875
0;93;0.380888;169247.765625;169371.875000
0;94;2.527719;169783.078125;169908.187500
0;95;0.575600;172470.625000;172542.656250
0;96;2.044691;173128.890625;173287.796875
0;97;0.416680;175356.265625;175494.984375
0;98;0.079695;175944.640625;176051.640625
0;99;0.338799;176179.796875;176234.531250
0;100;2.683230;176612.390625;176719.609375
0;101;3.102624;179450.234375;179538.781250
0;102;0.626500;182664.656250;182766.046875
0;103;0.325405;183398.281250;183519.843750
0;104;0.360760;183846.546875;183947.265625
0;105;0.050525;184345.406250;184440.531250
0;106;1.960544;184532.984375;184595.734375
0;107;3.341480;186570.843750;186672.078125
0;108;0.681240;190034.171875;190114.390625
0;109;2.350922;190832.546875;190937.234375
0;110;0.981370;193315.140625;193423.875000
0;111;1.028574;194421.218750;194573.312500
0;112;0.724291;195650.703125;195724.562500
0;113;0.811862;196472.609375;196590.296875
0;114;0.950671;197444.593750;197507.750000
0;115;2.301678;198496.890625;198568.890625
0;116;0.109325;200894.375000;201026.203125
0;117;0.063821;201186.187500;201289.812500
0;118;3.810130;201385.484375;201534.718750
0;119;0.569555;205381.390625;205483.921875
0;120;0.536369;206083.609375;206165.750000
0;121;1.188052;206720.937500;206875.265625
0;122;0.607033;208082.531250;208182.765625
0;123;0.155440;208847.468750;208930.656250
0;124;0.289884;209099.531250;209195.468750
0;125;0.122605;209489.734375;209617.437500
0;126;3.035407;209774.843750;209831.046875
0;127;1.206193;212883.625000;213020.375000
0;128;0.923056;214239.265625;214325.593750
0;129;1.871285;215293.796875;215442.453125
0;130;0.030049;217323.953125;217429.265625
0;131;0.877698;217473.921875;217545.765625
0;132;3.308375;218474.046875;218567.796875
0;133;0.083962;221896.296875;221970.593750
0;134;0.829774;222070.390625;222156.625000
0;135;1.678702;223028.515625;223120.046875
0;136;0.509797;224842.328125;224978.562500
0;137;0.619285;225495.843750;225604.328125
0;138;1.257313;226244.750000;226359.406250
0;139;0.622650;227631.421875;227732.796875
0;140;1.744569;228381.390625;228483.218750
0;141;4.360661;230279.187500;230385.453125
0;142;1.435563;234757.031250;234899.890625
0;143;1.259420;236361.750000;236480.875000
0;144;0.559125;237762.859375;237863.421875
0;145;0.826140;238474.343750;238602.140625
0;146;1.668557;239438.390625;239505.718750
0;147;0.186736;241193.890625;241257.687500
0;148;3.523015;241445.843750;241552.171875
0;149;0.352681;245086.250000;245242.500000
0;150;0.132254;245604.296875;245695.828125
0;151;2.261606;245856.296875;245992.640625
0;152;0.537518;248268.890625;248422.203125
0;153;0.137720;248984.921875;249037.406250
0;154;1.183416;249192.765625;249274.203125
0;155;1.166903;250462.500000;250529.000000
0;156;2.050305;251717.765625;251842.718750
0;157;0.178177;253942.921875;254068.328125
0;158;2.404264;254297.828125;254385.640625
0;159;0.492484;256791.562500;256877.546875
0;160;0.656270;257395.906250;257540.718750
0;161;0.650736;258228.265625;258332.140625
0;162;1.796952;258995.843750;259087.281250
0;163;1.610445;260923.656250;261025.468750
0;164;6.099662;262670.437500;262795.468750
0;165;1.533518;268919.687500;269008.031250
0;166;0.367397;270587.468750;270714.125000
0;167;0.653347;271119.687500;271322.218750
0;168;1.325389;271984.000000;272054.000000
0;169;0.164447;273417.375000;273518.593750
0;170;0.659322;273719.093750;273804.812500
0;171;0.731187;274480.031250;274573.750000
0;172;0.575487;275335.031250;275462.718750
0;173;0.316551;276053.187500;276153.937500
0;174;0.456519;276507.500000;276628.812500
0;175;0.547412;277113.718750;277215.718750
0;176;0.314181;277816.406250;277966.468750
0;177;0.255643;278323.343750;278465.906250
0;178;0.852856;278749.031250;278852.156250
0;179;0.040727;279714.937500;279829.437500
0;180;0.255855;279879.437500;279977.781250
0;181;1.690970;280262.750000;280365.312500
0;182;0.055739;282090.187500;282195.812500
0;183;3.424347;282300.968750;282439.000000
0;184;0.927182;285891.031250;285976.718750
0;185;3.097564;286950.093750;287061.781250
0;186;0.070458;290206.625000;290329.156250
0;187;2.334542;290410.812500;290517.437500
0;188;1.392825;292863.718750;292995.812500
0;189;0.383977;294419.656250;294521.625000
0;190;2.454995;294943.000000;295050.093750
0;191;1.893212;297533.062500;297670.156250
0;192;0.318971;299576.468750;299733.625000
0;193;1.193503;300068.656250;300226.343750
0;194;1.636736;301469.718750;301595.531250
0;195;0.901514;303235.375000;303309.781250
0;196;2.397416;304232.843750;304388.906250
0;197;0.263165;306795.937500;306901.500000
0;198;1.464540;307209.468750;307263.562500
0;199;2.382674;308739.625000;308793.812500
0;200;0.136997;311202.625000;311258.718750
0;201;0.511612;311405.843750;311499.656250
0;202;0.369180;312025.468750;312178.593750
0;203;0.616812;312608.250000;312714.000000
0;204;0.111850;313386.281250;313468.500000
0;205;0.048839;313594.156250;313683.593750
0;206;0.128211;313750.812500;313874.781250
0;207;0.611707;314016.781250;314167.406250
0;208;1.390922;314815.375000;314921.968750
0;209;0.322071;316317.781250;316453.187500
0;210;0.814253;316781.437500;316863.937500
0;211;0.337247;317688.656250;317792.812500
0;212;0.471826;318149.000000;318254.750000
0;213;1.826757;318737.437500;318841.656250
0;214;2.185102;320688.062500;320789.406250
0;215;0.175693;323030.125000;323106.218750
0;216;0.253781;323284.843750;323388.250000
0;217;0.072751;323657.093750;323744.968750
0;218;0.939968;323829.187500;323936.343750
0;219;1.471426;324897.343750;325052.031250
0;220;1.896407;326548.062500;326647.437500
0;221;0.524948;328551.718750;328680.375000
0;222;0.226430;329217.000000;329397.750000
0;223;0.108806;329629.281250;329740.531250
0;224;0.960434;329881.562500;329984.093750
0;225;0.548462;330970.343750;331086.531250
0;226;2.530061;331666.031250;331762.562500
0;227;1.655627;334299.531250;334392.593750
0;228;1.794891;336055.687500;336206.437500
0;229;1.192808;338039.500000;338136.062500
0;230;0.019987;339339.718750;339440.000000
0;231;0.652557;339471.281250;339604.812500
0;232;0.415455;340279.218750;340421.187500
0;233;1.772465;340862.031250;340978.875000
0;234;2.805646;342757.593750;342877.906250
0;235;1.764923;345701.468750;345790.187500
0;236;0.006059;347566.593750;347669.781250
0;237;1.267573;347695.906250;347820.906250
0;238;1.891711;349112.906250;349210.781250
0;239;0.234876;351122.968750;351276.031250
0;240;0.448667;351532.718750;351666.000000
0;241;1.951008;352165.375000;352293.000000
0;242;5.408192;354286.218750;354387.656250
0;243;1.797468;359813.906250;359963.468750
1;0;1.936077;60848.847656;61003.402344
1;1;0.069921;62957.554688;63040.742188
1;2;1.277930;63145.132813;63290.269531
1;3;6.970408;64598.371094;64702.285156
1;4;0.768285;71716.179688;71873.250000
1;5;0.210421;72656.406250;72778.296875
1;6;1.035092;73012.390625;73152.789063
1;7;0.636873;74224.406250;74310.875000
1;8;0.953623;74966.023438;75115.101563
1;9;1.160039;76075.570313;76177.671875
1;10;0.414720;77369.406250;77522.312500
1;11;0.146352;77981.296875;78131.945313
1;12;0.769501;78324.257813;78377.937500
1;13;1.924817;79162.375000;79274.054688
1;14;0.413595;81243.781250;81334.515625
1;15;0.731383;81787.695313;81889.562500
1;16;0.902581;82645.679688;82740.875000
1;17;0.971907;83651.914063;83751.601563
1;18;0.234751;84763.828125;84864.820313
1;19;0.795482;85113.539063;85297.812500
1;20;0.040832;86106.765625;86277.773438
1;21;1.679938;86329.023438;86460.007813
1;22;1.617141;88156.890625;88211.304688
1;23;0.175063;89848.914063;89999.796875
1;24;0.649039;90202.203125;90303.328125
1;25;0.606159;91009.484375;91132.648438
1;26;2.342137;91751.273438;91868.945313
1;27;1.761255;94246.460938;94380.101563
1;28;0.373697;96179.835938;96273.546875
1;29;0.338068;96691.093750;96841.671875
1;30;4.733968;97207.070313;97359.125000
1;31;0.562031;102117.039063;102262.359375
1;32;0.425392;102847.757813;102948.398438
1;33;2.309871;103386.781250;103524.367188
1;34;0.458860;105859.937500;106009.015625
1;35;1.652758;106479.031250;106597.921875
1;36;1.772801;108305.726563;108410.000000
1;37;1.750817;110212.375000;110379.523438
1;38;2.932254;112158.414063;112329.031250
1;39;1.368097;115277.367188;115387.382813
1;40;1.219235;116778.539063;116881.210938
1;41;1.969761;118136.601563;118242.156250
1;42;2.515095;120224.500000;120378.328125
1;43;0.836576;122901.468750;122979.039063
1;44;0.187094;123832.593750;123983.421875
1;45;0.187930;124228.796875;124333.867188
1;46;1.265980;124545.718750;124619.867188
1;47;0.963009;125890.765625;126015.835938
1;48;1.529735;126988.312500;127140.140625
1;49;0.290059;128694.070313;128795.734375
1;50;0.965752;129108.406250;129257.203125
1;51;0.567191;130251.960938;130403.437500
1;52;0.042470;131002.882813;131102.031250
1;53;0.250067;131155.343750;131345.718750
1;54;3.810130;131633.312500;131803.937500
1;55;3.796279;135657.500000;135798.796875
1;56;0.458758;139619.796875;139719.390625
1;57;1.969158;140225.062500;140325.109375
1;58;2.093128;142352.093750;142454.000000
1;59;2.027169;144597.015625;144762.390625
1;60;1.184400;146810.390625;146914.921875
1;61;0.926558;148147.984375;148301.156250
1;62;0.058072;149274.421875;149473.890625
1;63;0.915314;149566.953125;149671.687500
1;64;2.135577;150617.781250;150716.875000
1;65;2.097865;152885.875000;152939.015625
1;66;1.185978;155087.640625;155186.046875
1;67;0.174394;156389.328125;156491.953125
1;68;0.944474;156718.484375;156841.234375
1;69;0.302407;157811.359375;157889.968750
1;70;0.020568;158203.156250;158305.406250
1;71;4.574738;158360.109375;158551.078125
1;72;2.089757;163160.859375;163304.171875
1;73;0.694668;165405.906250;165546.656250
1;74;3.252734;166256.390625;166361.625000
1;75;0.074941;169656.406250;169745.750000
1;76;2.237475;169834.343750;169961.187500
1;77;0.002891;172239.250000;172345.703125
1;78;0.617577;172359.828125;172470.625000
1;79;1.737704;173128.890625;173287.796875
1;80;2.358058;175052.828125;175195.921875
1;81;0.270310;177598.671875;177755.000000
1;82;0.692649;178037.671875;178090.984375
1;83;0.358014;178844.203125;178938.578125
1;84;1.331229;179299.453125;179450.281250
1;85;1.603212;180788.562500;180935.453125
1;86;0.464888;182563.109375;182664.640625
1;87;0.627687;183143.125000;183242.968750
1;88;1.602491;183894.953125;183996.937500
1;89;0.316641;185645.765625;185747.375000
1;90;7.435550;186087.531250;186179.125000
1;91;1.511544;193629.093750;193693.234375
1;92;0.323827;195212.468750;195313.453125
1;93;1.611752;195650.703125;195796.671875
1;94;1.425703;197444.640625;197553.546875
1;95;0.016472;198996.312500;199166.937500
1;96;0.233048;199216.125000;199315.796875
1;97;0.691264;199565.796875;199671.484375
1;98;3.164637;200362.796875;200464.281250
1;99;3.393086;203640.390625;203729.203125
1;100;0.039161;207130.843750;207265.671875
1;101;1.128407;207317.859375;207445.750000
1;102;0.269881;208582.375000;208637.109375
1;103;4.150423;208930.828125;209019.953125
1;104;1.372180;213176.968750;213330.953125
1;105;0.835787;214751.046875;214833.062500
1;106;0.372095;215698.187500;215851.671875
1;107;0.002824;216255.062500;216317.500000
1;108;0.896270;216369.984375;216458.218750
1;109;0.500656;217375.031250;217473.968750
1;110;0.381837;218027.984375;218163.312500
1;111;1.129250;218584.953125;218687.406250
1;112;0.156059;219821.093750;219927.484375
1;113;1.581228;220085.187500;220179.140625
1;114;3.062781;221795.953125;221911.890625
1;115;1.000709;224978.578125;225079.750000
1;116;0.571134;226100.656250;226162.390625
1;117;0.108769;226760.687500;226861.156250
1;118;1.709077;226990.562500;227095.031250
1;119;1.080670;228844.546875;229042.687500
1;120;0.297645;230131.593750;230233.265625
1;121;2.375668;230539.093750;230637.875000
1;122;0.649221;233057.390625;233157.000000
1;123;2.552386;233822.578125;233922.671875
1;124;1.195890;236480.906250;236584.546875
1;125;2.091778;237810.828125;237912.750000
1;126;1.771624;240044.984375;240174.375000
1;127;0.157840;241962.453125;242082.890625
1;128;2.826053;242274.406250;242378.093750
1;129;1.235422;245247.406250;245343.343750
1;130;0.100168;246627.812500;246733.875000
1;131;0.342184;246861.453125;247018.656250
1;132;1.420928;247367.859375;247472.046875
1;133;0.120805;248933.390625;249086.796875
1;134;3.680806;249247.328125;249327.156250
1;135;0.150425;253014.750000;253129.125000
1;136;1.296537;253316.359375;253369.937500
1;137;0.696879;254712.281250;254819.000000
1;138;0.445592;255533.968750;255634.281250
1;139;2.012638;256089.031250;256242.875000
1;140;0.719696;258281.625000;258386.796875
1;141;0.269752;259139.296875;259244.000000
1;142;0.128626;259554.734375;259706.093750
1;143;0.507558;259858.796875;259913.046875
1;144;0.809477;260431.859375;260579.125000
1;145;0.882930;261431.765625;261525.468750
1;146;1.282983;262416.781250;262517.906250
1;147;0.042610;263831.187500;263916.343750
1;148;2.226494;263967.062500;264115.937500
1;149;1.630954;266354.156250;266412.468750
1;150;0.368007;268065.937500;268167.750000
1;151;0.454132;268546.781250;268647.812500
1;152;0.126176;269109.093750;269250.531250
1;153;0.589683;269399.187500;269479.500000
1;154;2.605236;270080.375000;270182.718750
1;155;2.676706;272796.656250;272894.968750
1;156;1.851232;275589.500000;275655.062500
1;157;1.617580;277541.156250;277663.531250
1;158;0.185782;279324.250000;279426.937500
1;159;0.026158;279632.343750;279695.781250
1;160;0.755802;279765.062500;279929.750000
1;161;2.496425;280737.156250;280837.218750
1;162;0.948920;283356.968750;283463.343750
1;163;0.511505;284462.750000;284599.437500
1;164;0.852346;285121.968750;285214.906250
1;165;1.327968;286104.812500;286206.218750
1;166;1.722815;287543.875000;287653.375000
1;167;0.991080;289390.093750;289495.281250
1;168;0.077567;290517.437500;290664.187500
1;169;0.234751;290764.156250;290841.187500
1;170;0.113114;291117.375000;291223.625000
1;171;0.380271;291372.437500;291434.937500
1;172;0.303601;291831.125000;291913.437500
1;173;0.758876;292243.968750;292439.968750
1;174;1.828525;293200.781250;293353.031250
1;175;3.080311;295207.843750;295339.750000
1;176;2.694448;298420.031250;298513.781250
1;177;1.486364;301259.343750;301365.218750
1;178;0.003261;302868.625000;302972.750000
1;179;0.751672;303022.812500;303132.781250
1;180;0.184709;303930.937500;304076.906250
1;181;0.492589;304284.468750;304338.250000
1;182;2.648751;304890.500000;304998.875000
1;183;0.102598;307662.343750;307815.687500
1;184;0.959229;307922.468750;308014.781250
1;185;4.899816;308983.656250;309135.437500
1;186;1.284385;314062.906250;314219.062500
1;187;1.017174;315540.687500;315644.062500
1;188;4.559801;316672.031250;316777.125000
1;189;0.661892;321371.437500;321531.906250
1;190;1.608704;322213.593750;322266.156250
1;191;0.774512;323883.000000;323936.375000
1;192;0.243429;324751.968750;324844.750000
1;193;0.024028;325105.718750;325235.500000
1;194;0.758474;325289.062500;325363.531250
1;195;1.628443;326140.093750;326262.125000
1;196;1.373817;327895.250000;328045.843750
1;197;0.706855;329473.906250;329580.562500
1;198;0.426629;330337.562500;330475.718750
1;199;0.317581;330937.906250;331086.531250
1;200;3.625051;331429.406250;331565.125000
1;201;0.094776;335218.375000;335338.343750
1;202;0.226553;335440.750000;335541.437500
1;203;0.384786;335774.531250;335927.812500
1;204;1.702903;336362.812500;336520.500000
1;205;0.137111;338237.750000;338342.375000
1;206;0.592038;338492.718750;338646.656250
1;207;0.034544;339290.437500;339445.843750
1;208;0.021355;339499.906250;339604.812500
1;209;3.385044;339644.187500;339729.218750
1;210;1.571379;343131.406250;343281.312500
1;211;0.094703;344878.531250;344978.250000
1;212;1.230171;345112.531250;345217.812500
1;213;0.533530;346458.625000;346610.781250
1;214;1.996234;347159.718750;347261.093750
1;215;0.132141;349312.218750;349394.187500
1;216;1.332581;349567.218750;349664.875000
1;217;0.274438;351019.343750;351122.906250
1;218;1.307833;351412.562500;351481.718750
1;219;0.020876;352832.093750;352933.937500
1;220;1.725551;352985.406250;353113.843750
1;221;1.715765;354867.593750;355011.312500
1;222;1.357898;356762.656250;356865.281250
1;223;0.139700;358223.562500;358345.875000
1;224;0.190083;358501.187500;358618.812500
1;225;0.576450;358823.031250;358879.562500
1;226;0.814886;359488.781250;359550.406250
2;0;2.964083;60401.652344;60539.457031
2;1;0.524354;63520.929688;63624.000000
2;2;2.369284;64199.769531;64352.894531
2;3;0.442174;66773.960938;66930.820313
2;4;0.135477;67426.335938;67533.468750
2;5;2.106033;67678.539063;67770.523438
2;6;0.679309;69882.257813;70032.695313
2;7;0.570288;70737.367188;70812.335938
2;8;0.114529;71412.328125;71514.695313
2;9;0.651161;71661.625000;71767.867188
2;10;0.968663;72465.687500;72583.539063
2;11;1.314356;73563.257813;73667.390625
2;12;0.061262;75017.898438;75161.937500
2;13;0.950990;75274.789063;75427.812500
2;14;1.331116;76424.117188;76526.031250
2;15;0.382170;77883.421875;78021.617188
2;16;4.418760;78450.023438;78599.414063
2;17;4.827200;83038.820313;83145.664063
2;18;2.275067;88004.625000;88107.476563
2;19;1.186471;90413.617188;90525.992188
2;20;0.010185;91751.273438;91872.570313
2;21;0.261546;91924.000000;92070.078125
2;22;0.283349;92350.406250;92452.226563
2;23;1.295883;92747.562500;92848.648438
2;24;0.146276;94194.085938;94262.343750
2;25;1.567743;94432.750000;94585.195313
2;26;0.415014;96179.812500;96286.507813
2;27;0.001781;96740.515625;96841.671875
2;28;0.234294;96883.000000;96981.070313
2;29;0.643602;97256.726563;97359.125000
2;30;4.932042;98053.617188;98119.953125
2;31;1.193105;103076.757813;103196.164063
2;32;0.975243;104399.437500;104521.117188
2;33;2.018091;105508.945313;105602.664063
2;34;2.422635;107634.218750;107708.726563
2;35;0.156059;110174.546875;110275.046875
2;36;0.401681;110434.132813;110554.828125
2;37;0.491434;110970.648438;111110.179688
2;38;0.148233;111637.898438;111790.359375
2;39;0.947727;111950.609375;112087.726563
2;40;2.243652;113058.476563;113181.632813
2;41;2.273475;115438.929688;115493.195313
2;42;0.328976;117796.601563;117900.851563
2;43;0.398493;118242.164063;118307.554688
2;44;2.575174;118729.054688;118866.718750
2;45;0.527223;121461.101563;121563.570313
2;46;0.198856;122113.929688;122185.093750
2;47;0.826709;122385.765625;122487.906250
2;48;1.315798;123331.382813;123401.429688
2;49;1.285033;124774.703125;124859.804688
2;50;2.482227;126162.445313;126245.484375
2;51;0.246281;128763.468750;128884.304688
2;52;1.055146;129158.406250;129257.203125
2;53;0.901895;130351.250000;130452.671875
2;54;0.108028;131395.250000;131480.703125
2;55;0.111961;131633.312500;131766.421875
2;56;1.308274;131902.390625;131995.703125
2;57;0.393489;133323.312500;133422.203125
2;58;0.115386;133848.515625;133999.796875
2;59;2.570301;134129.109375;134256.312500
2;60;0.332422;136840.484375;136940.187500
2;61;0.351248;137309.171875;137380.109375
2;62;0.404150;137762.390625;137829.046875
2;63;0.784399;138282.234375;138435.328125
2;64;2.900850;139246.890625;139370.046875
2;65;0.354904;142300.687500;142403.453125
2;66;2.370442;142769.656250;142875.328125
2;67;0.287048;145285.640625;145379.718750
2;68;1.865231;145691.187500;145864.515625
2;69;0.360247;147761.296875;147865.531250
2;70;0.634659;148251.906250;148389.875000
2;71;0.200910;149064.625000;149181.078125
2;72;0.423072;149419.890625;149529.062500
2;73;0.723060;149967.687500;150062.390625
2;74;1.464413;150822.312500;150921.046875
2;75;0.655295;152388.890625;152492.000000
2;76;0.369086;153202.078125;153323.578125
2;77;0.176481;153721.734375;153827.500000
2;78;0.057577;154037.375000;154187.015625
2;79;0.858849;154279.734375;154372.562500
2;80;3.141043;155232.984375;155331.500000
2;81;0.255855;158498.921875;158595.718750
2;82;0.321127;158866.484375;158967.578125
2;83;0.510491;159337.718750;159443.937500
2;84;0.596071;159989.281250;160082.828125
2;85;0.083962;160695.781250;160835.968750
2;86;0.270010;160932.906250;161041.984375
2;87;0.679371;161373.000000;161474.453125
2;88;0.233671;162163.187500;162256.953125
2;89;1.184499;162537.171875;162690.843750
2;90;1.178112;163893.546875;163982.312500
2;91;1.849427;165178.375000;165282.703125
2;92;0.431886;167181.328125;167324.390625
2;93;0.061546;167779.312500;167932.109375
2;94;3.774268;168016.484375;168114.078125
2;95;1.540578;171929.000000;172079.796875
2;96;1.897725;173635.828125;173759.875000
2;97;1.960744;175680.953125;175787.359375
2;98;0.217189;177755.031250;177856.843750
2;99;0.636573;178091.000000;178212.406250
2;100;3.278879;178898.703125;179044.078125
2;101;0.667729;182359.046875;182460.796875
2;102;1.039575;183142.171875;183242.937500
2;103;0.364354;184301.453125;184446.875000
2;104;2.241074;184816.265625;184917.953125
2;105;1.543032;187192.671875;187293.859375
2;106;0.425788;188845.953125;188974.296875
2;107;3.918192;189414.015625;189513.968750
2;108;0.616871;193471.375000;193573.671875
2;109;3.050351;194214.875000;194368.593750
2;110;3.086402;197444.593750;197546.718750
2;111;0.460032;200690.109375;200842.578125
2;112;0.644989;201331.593750;201434.843750
2;113;0.129532;202128.546875;202230.218750
2;114;5.459801;202391.062500;202515.828125
2;115;1.690970;208029.906250;208129.078125
2;116;0.432035;209880.281250;209983.750000
2;117;1.620652;210437.687500;210582.609375
2;118;0.388412;212212.453125;212332.734375
2;119;0.637891;212725.343750;212831.125000
2;120;0.551007;213480.015625;213630.859375
2;121;0.300950;214223.593750;214325.593750
2;122;0.819756;214644.687500;214699.187500
2;123;2.242104;215553.781250;215698.171875
2;124;1.416904;217973.984375;218062.437500
2;125;0.794722;219535.062500;219662.437500
2;126;0.840822;220461.953125;220566.687500
2;127;0.652375;221421.484375;221542.250000
2;128;2.123017;222226.000000;222373.687500
2;129;0.758809;224521.562500;224613.140625
2;130;0.890145;225382.125000;225480.531250
2;131;0.206687;226391.968750;226492.671875
2;132;0.279404;226711.875000;226805.796875
2;133;0.087809;227142.921875;227230.765625
2;134;1.931792;227343.859375;227449.546875
2;135;0.147427;229388.328125;229507.125000
2;136;1.193900;229678.359375;229762.453125
2;137;0.018040;230967.187500;231043.000000
2;138;1.696293;231092.203125;231193.296875
2;139;0.401149;232908.671875;233057.359375
2;140;1.697549;233461.031250;233553.812500
2;141;0.177151;235302.421875;235450.171875
2;142;0.526681;235652.046875;235754.031250
2;143;0.032605;236309.421875;236380.390625
2;144;1.146344;236431.781250;236600.953125
2;145;1.835983;237762.859375;237912.750000
2;146;1.090940;239788.796875;239891.062500
2;147;1.150253;241007.687500;241142.234375
2;148;0.689629;242326.796875;242434.859375
2;149;0.013987;243132.937500;243226.640625
2;150;9.465960;243273.562500;243374.187500
2;151;1.687851;252857.765625;252963.312500
2;152;1.793690;254673.968750;254790.406250
2;153;0.374641;256596.984375;256697.453125
2;154;1.362754;257110.515625;257215.000000
2;155;1.776509;258595.796875;258716.312500
2;156;0.020534;260532.250000;260619.125000
2;157;1.421661;260688.828125;260822.281250
2;158;0.858117;262265.593750;262416.781250
2;159;1.480416;263281.031250;263430.687500
2;160;0.445189;264922.375000;265057.156250
2;161;0.127118;265525.906250;265682.218750
2;162;0.330652;265835.718750;265956.187500
2;163;0.616577;266301.218750;266412.468750
2;164;0.527223;267090.125000;267222.718750
2;165;1.244438;267760.593750;267862.218750
2;166;0.297953;269161.343750;269299.500000
2;167;5.642251;269612.500000;269736.062500
2;168;0.896270;275386.406250;275505.093750
2;169;0.633942;276402.062500;276507.468750
2;170;0.511933;277166.406250;277315.375000
2;171;0.714799;277865.468750;277966.406250
2;172;0.027740;278698.906250;278814.093750
2;173;0.820888;278855.500000;279003.968750
2;174;2.450314;279829.156250;279929.750000
2;175;1.766762;282388.031250;282488.781250
2;176;1.393302;284289.375000;284408.156250
2;177;0.914697;285841.781250;285965.562500
2;178;0.171761;286903.281250;287008.500000
2;179;1.580945;287217.125000;287310.500000
2;180;0.231307;288940.031250;289042.343750
2;181;0.770785;289279.281250;289370.843750
2;182;3.542174;290154.625000;290231.218750
2;183;0.452662;293813.125000;293969.093750
2;184;1.127845;294450.843750;294562.500000
2;185;2.519066;295704.093750;295805.031250
2;186;1.279217;298327.281250;298417.156250
2;187;2.957643;299733.656250;299835.062500
2;188;4.678291;302815.187500;302916.187500
2;189;0.119644;307608.656250;307713.968750
2;190;0.745175;307845.843750;307967.906250
2;191;2.263970;308739.593750;308845.968750
2;192;0.361412;311163.125000;311316.781250
2;193;0.459981;311709.281250;311858.937500
2;194;0.012492;312357.937500;312483.968750
2;195;1.827640;312502.875000;312608.218750
2;196;0.519444;314450.468750;314603.531250
2;197;0.157762;315174.062500;315312.531250
2;198;3.577179;315487.687500;315540.687500
2;199;0.358525;319126.093750;319297.250000
2;200;0.157685;319702.656250;319809.031250
2;201;0.036624;319973.656250;320131.906250
2;202;1.710825;320184.156250;320307.968750
2;203;0.127344;322032.000000;322162.781250
2;204;0.036346;322313.343750;322417.312500
2;205;0.187213;322453.812500;322621.968750
2;206;3.589392;322830.031250;322922.687500
2;207;3.112246;326516.812500;326618.187500
2;208;0.853950;329740.531250;329813.031250
2;209;0.697512;330684.406250;330738.343750
2;210;5.238626;331478.468750;331564.218750
2;211;0.809547;336814.750000;336919.343750
2;212;0.072249;337779.312500;337881.375000
2;213;0.381030;337987.031250;338111.593750
2;214;1.677930;338542.093750;338630.562500
2;215;0.040448;340364.187500;340440.093750
2;216;2.041679;340523.656250;340673.562500
2;217;0.005384;342757.593750;342862.843750
2;218;0.563487;342877.875000;342977.656250
2;219;0.218498;343562.937500;343659.218750
2;220;1.072452;343886.750000;343979.218750
2;221;0.574807;345112.500000;345267.125000
2;222;2.140501;345893.468750;346044.281250
2;223;0.219604;348228.531250;348332.187500
2;224;0.636454;348566.562500;348667.250000
2;225;1.389971;349362.312500;349465.437500
2;226;6.082607;350866.281250;350968.406250
2;227;0.774920;357066.906250;357170.156250
2;228;0.539435;357970.000000;358071.781250
2;229;1.206193;358618.812500;358720.687500
3;0;0.797352;61003.414063;61105.417969
3;1;0.514824;61933.343750;62020.828125
3;2;0.493746;62535.859375;62606.824219
3;3;2.960116;63145.132813;63225.882813
3;4;0.666744;66213.687500;66331.023438
3;5;0.213392;67037.859375;67126.148438
3;6;1.226070;67375.578125;67533.468750
3;7;0.138709;68777.546875;68880.031250
3;8;1.437422;69037.414063;69137.664063
3;9;0.383406;70598.968750;70690.335938
3;10;0.193560;71083.398438;71137.250000
3;11;0.129003;71337.984375;71514.695313
3;12;0.563431;71661.578125;71767.867188
3;13;0.312619;72383.273438;72495.656250
3;14;1.195492;72832.531250;72938.546875
3;15;1.456183;74174.148438;74349.789063
3;16;0.813409;75845.937500;75972.046875
3;17;1.710030;76829.640625;76930.804688
3;18;1.239351;78658.742188;78837.390625
3;19;1.363797;80128.882813;80226.031250
3;20;1.573061;81636.914063;81787.656250
3;21;2.775937;83368.726563;83469.445313
3;22;1.316243;86277.789063;86363.562500
3;23;0.867975;87730.492188;87845.625000
3;24;0.132065;88746.210938;88817.312500
3;25;1.026865;88962.375000;89059.125000
3;26;0.654868;90085.414063;90202.195313
3;27;1.410835;90889.898438;91009.453125
3;28;1.317576;92452.250000;92555.062500
3;29;0.379180;93897.375000;93992.109375
3;30;1.376278;94382.757813;94460.859375
3;31;0.059595;95862.382813;95979.406250
3;32;0.090540;96070.460938;96184.492188
3;33;1.724102;96335.617188;96437.320313
3;34;0.021561;98208.335938;98359.531250
3;35;0.815591;98412.664063;98565.781250
3;36;0.110067;99421.617188;99474.867188
3;37;1.257628;99595.875000;99694.562500
3;38;2.168586;100961.578125;101064.664063
3;39;0.738126;103284.601563;103360.265625
3;40;1.212240;104125.078125;104270.578125
3;41;1.534466;105506.710938;105657.203125
3;42;1.331567;107197.914063;107302.554688
3;43;0.862373;108649.890625;108768.734375
3;44;0.874274;109649.101563;109733.007813
3;45;1.122430;110635.453125;110740.421875
3;46;0.691138;111884.609375;111950.585938
3;47;2.901789;112653.351563;112803.890625
3;48;0.719180;115723.320313;115834.648438
3;49;0.266454;116562.898438;116700.679688
3;50;1.465049;116987.320313;117089.617188
3;51;1.820239;118557.187500;118690.031250
3;52;1.478097;120526.265625;120636.312500
3;53;1.991299;122166.328125;122268.132813
3;54;0.520737;124277.734375;124397.773438
3;55;0.342551;124978.281250;125073.531250
3;56;0.824221;125432.921875;125542.343750
3;57;0.052882;126391.492188;126513.632813
3;58;1.855395;126583.976563;126735.593750
3;59;0.492852;128643.031250;128763.445313
3;60;0.219154;129277.070313;129379.890625
3;61;1.900556;129634.500000;129804.367188
3;62;1.223719;131733.812500;131853.031250
3;63;0.089920;133121.265625;133221.921875
3;64;1.209414;133324.890625;133422.203125
3;65;3.383587;134637.109375;134730.765625
3;66;4.838065;138127.171875;138209.640625
3;67;0.875687;143081.984375;143177.187500
3;68;0.454639;144075.562500;144201.250000
3;69;1.204285;144702.562500;144775.937500
3;70;1.526234;145993.250000;146094.953125
3;71;0.458249;147656.312500;147810.953125
3;72;0.579630;148301.125000;148427.500000
3;73;0.063429;149013.578125;149114.703125
3;74;3.036999;149220.109375;149310.296875
3;75;0.240459;152366.687500;152492.000000
3;76;0.149386;152751.437500;152885.906250
3;77;0.683550;153045.656250;153185.843750
3;78;1.787535;153878.531250;153932.625000
3;79;0.052143;155736.796875;155806.796875
3;80;0.119831;155895.750000;155988.234375
3;81;0.452003;156109.843750;156164.562500
3;82;1.093386;156665.968750;156767.515625
3;83;1.142733;157889.984375;157994.765625
3;84;1.665501;159180.343750;159283.328125
3;85;1.430992;160980.796875;161061.359375
3;86;1.141690;162537.171875;162690.843750
3;87;1.254789;163858.437500;163982.312500
3;88;0.744317;165282.718750;165384.000000
3;89;3.762912;166152.062500;166276.765625
3;90;0.470177;170062.656250;170219.234375
3;91;1.243710;170728.718750;170875.218750
3;92;0.112370;172132.640625;172281.625000
3;93;1.157152;172419.593750;172595.093750
3;94;3.036468;173774.187500;173913.671875
3;95;0.945504;176983.656250;177125.890625
3;96;1.149489;178091.000000;178245.750000
3;97;0.772275;179450.234375;179591.421875
3;98;0.099433;180383.671875;180516.875000
3;99;0.389034;180635.656250;180735.703125
3;100;0.074007;181127.484375;181181.656250
3;101;0.297557;181279.718750;181429.078125
3;102;1.598607;181764.968750;181929.078125
3;103;0.175693;183545.796875;183674.484375
3;104;0.368194;183894.937500;183970.375000
3;105;3.738534;184346.546875;184440.343750
3;106;0.447406;188193.734375;188312.406250
3;107;0.587906;188770.546875;188921.859375
3;108;2.112199;189561.859375;189658.468750
3;109;0.420314;191797.109375;191880.906250
3;110;1.068455;192342.656250;192425.328125
3;111;5.109065;193524.968750;193659.281250
3;112;0.624662;198770.984375;198872.781250
3;113;1.674848;199517.218750;199618.859375
3;114;0.279620;201331.593750;201434.843750
3;115;0.510864;201767.687500;201873.640625
3;116;0.226058;202410.750000;202568.359375
3;117;0.630661;202827.109375;202928.718750
3;118;1.425090;203589.031250;203729.093750
3;119;2.218645;205203.093750;205308.734375
3;120;0.780093;207547.062500;207652.812500
3;121;1.043555;208444.000000;208565.156250
3;122;0.071389;209617.468750;209769.984375
3;123;0.516487;209880.281250;209973.125000
3;124;0.098882;210504.453125;210613.812500
3;125;1.040352;210742.609375;210887.234375
3;126;1.551941;211958.625000;212050.625000
3;127;0.902124;213629.781250;213736.328125
3;128;1.463778;214646.265625;214751.000000
3;129;0.062469;216255.062500;216369.921875
3;130;0.286786;216444.062500;216532.593750
3;131;1.661389;216865.562500;216973.968750
3;132;7.852989;218645.984375;218792.656250
3;133;3.972749;226660.187500;226756.156250
3;134;2.890114;230741.406250;230865.125000
3;135;1.012444;233773.984375;233922.656250
3;136;3.721588;234951.234375;235053.968750
3;137;0.263293;238795.859375;238897.250000
3;138;0.670875;239194.250000;239304.421875
3;139;0.330607;239992.171875;240087.046875
3;140;0.373320;240432.437500;240575.093750
3;141;0.350601;240981.468750;241085.812500
3;142;0.686366;241445.828125;241552.171875
3;143;2.356055;242274.390625;242378.062500
3;144;2.121168;244789.140625;244912.187500
3;145;0.173882;247072.515625;247265.031250
3;146;0.720278;247472.046875;247525.234375
3;147;2.108769;248268.890625;248395.031250
3;148;0.119233;250522.250000;250655.390625
3;149;0.351571;250806.671875;250908.031250
3;150;0.627212;251293.875000;251374.187500
3;151;0.151503;252022.015625;252116.750000
3;152;0.602264;252323.218750;252446.468750
3;153;0.241253;253068.515625;253180.843750
3;154;0.078757;253469.046875;253574.859375
3;155;2.299232;253679.140625;253784.218750
3;156;1.092027;256089.031250;256215.843750
3;157;0.009237;257342.656250;257454.031250
3;158;3.818740;257507.593750;257595.046875
3;159;0.329157;261431.750000;261525.515625
3;160;4.661890;261888.359375;262024.078125
3;161;0.227750;266731.687500;266833.468750
3;162;0.607791;267090.125000;267222.718750
3;163;1.399994;267862.250000;267948.031250
3;164;1.357898;269399.187500;269479.500000
3;165;2.764275;270863.968750;270950.937500
3;166;2.071508;273761.187500;273842.718750
3;167;1.046159;275954.531250;276053.156250
3;168;0.701697;277113.718750;277214.656250
3;169;0.747226;277966.437500;278069.062500
3;170;3.538818;278824.187500;278903.625000
3;171;0.796105;282449.562500;282594.906250
3;172;1.977231;283409.281250;283481.000000
3;173;2.216628;285481.156250;285545.343750
3;174;0.694037;287767.625000;287918.906250
3;175;0.071998;288630.312500;288745.812500
3;176;0.110401;288833.937500;288934.625000
3;177;5.903413;289096.187500;289262.468750
3;178;0.662199;295200.937500;295274.718750
3;179;1.243398;295989.437500;296091.656250
3;180;0.809337;297356.437500;297498.093750
3;181;0.021526;298312.531250;298417.156250
3;182;0.219318;298469.218750;298567.718750
3;183;4.690157;298812.593750;298888.812500
3;184;0.602728;303596.906250;303723.093750
3;185;2.557868;304338.281250;304441.343750
3;186;0.926948;307001.250000;307107.250000
3;187;0.429651;308068.437500;308172.312500
3;188;0.060304;308634.843750;308739.593750
3;189;1.045030;308827.375000;308929.156250
3;190;0.009440;309993.093750;310085.031250
3;191;0.145088;310136.281250;310237.500000
3;192;1.759425;310398.031250;310512.500000
3;193;0.656391;312306.843750;312412.375000
3;194;1.629772;313097.593750;313162.500000
3;195;0.918946;314815.375000;314870.218750
3;196;1.025670;315822.531250;315948.156250
3;197;0.978996;317007.968750;317080.812500
3;198;1.454670;318094.031250;318200.343750
3;199;0.413546;319702.656250;319809.031250
3;200;0.194761;320235.187500;320312.031250
3;201;0.706217;320552.250000;320703.625000
3;202;0.991410;321422.500000;321501.437500
3;203;1.257523;322516.312500;322621.968750
3;204;1.484291;323897.750000;324060.593750
3;205;0.122530;325547.906250;325655.875000
3;206;0.495746;325808.812500;325912.218750
3;207;0.106363;326413.875000;326516.750000
3;208;0.284610;326671.875000;326818.562500
3;209;2.187061;327127.281250;327233.500000
3;210;0.373839;329473.906250;329548.312500
3;211;0.177900;329930.343750;330055.468750
3;212;0.352080;330284.250000;330376.531250
3;213;2.815151;330738.218750;330885.093750
3;214;3.802650;333751.937500;333854.312500
3;215;0.215146;337674.218750;337779.312500
3;216;0.046805;338039.500000;338090.343750
3;217;2.330344;338146.781250;338237.750000
3;218;2.167140;340627.968750;340775.625000
3;219;0.943682;342977.687500;343079.906250
3;220;0.824647;344048.312500;344168.437500
3;221;1.210321;345031.875000;345128.093750
3;222;2.557181;346347.000000;346458.562500
3;223;1.906429;349067.437500;349159.843750
3;224;2.736861;351070.218750;351172.343750
3;225;0.492012;353933.281250;354019.687500
3;226;0.696689;354527.718750;354626.718750
3;227;0.725719;355336.437500;355439.718750
3;228;3.230356;356195.875000;356289.156250
3;229;3.762912;359542.031250;359613.031250
4;0;1.721209;60279.250000;60348.804688
4;1;0.730273;62120.949219;62224.289063
4;2;0.027947;62957.539063;63090.515625
4;3;0.024097;63145.183594;63234.984375
4;4;0.284697;63290.289063;63443.207031
4;5;0.533639;63770.117188;63886.140625
4;6;6.747947;64442.996094;64512.355469
4;7;0.223752;71283.164063;71337.976563
4;8;0.278669;71567.828125;71661.593750
4;9;1.638819;71942.906250;72051.601563
4;10;0.267952;73719.226563;73874.945313
4;11;1.756770;74174.148438;74310.859375
4;12;0.348019;76075.570313;76184.109375
4;13;2.417787;76581.445313;76708.976563
4;14;0.462790;79169.218750;79274.039063
4;15;0.367350;79762.500000;79920.234375
4;16;0.507877;80335.484375;80428.179688
4;17;0.625136;80975.093750;81091.289063
4;18;1.147963;81738.625000;81889.546875
4;19;0.217884;83038.781250;83145.664063
4;20;0.537080;83368.726563;83518.781250
4;21;2.330903;84106.398438;84176.351563
4;22;7.811474;86511.554688;86687.023438
4;23;0.810950;94535.195313;94664.007813
4;24;1.629920;95481.578125;95629.750000
4;25;1.273540;97309.437500;97445.734375
4;26;0.094081;98742.585938;98841.460938
4;27;0.958266;98965.320313;99115.851563
4;28;0.295754;100093.289063;100216.898438
4;29;1.194994;100538.585938;100640.789063
4;30;0.204098;101860.453125;101961.656250
4;31;2.789419;102211.687500;102299.695313
4;32;0.659505;105104.007813;105250.796875
4;33;0.254881;105917.562500;106063.382813
4;34;0.393969;106371.015625;106479.054688
4;35;0.287745;106884.679688;106989.687500
4;36;0.590774;107302.562500;107399.781250
4;37;1.056548;108017.132813;108110.328125
4;38;0.258654;109212.500000;109314.742188
4;39;2.875807;109596.437500;109665.593750
4;40;0.839885;112548.585938;112697.210938
4;41;0.264104;113552.070313;113654.195313
4;42;2.003472;113932.945313;114087.859375
4;43;4.066091;116142.210938;116295.875000
4;44;0.032640;120378.335938;120479.242188
4;45;0.711333;120526.265625;120636.312500
4;46;1.740478;121362.414063;121461.101563
4;47;2.554096;123258.890625;123381.171875
4;48;1.637777;125967.773438;126117.781250
4;49;2.904139;127762.429688;127870.664063
4;50;0.962043;130825.664063;130903.054688
4;51;0.702778;131902.359375;131995.750000
4;52;0.162577;132713.281250;132815.156250
4;53;4.087955;133018.250000;133121.218750
4;54;3.571123;137216.109375;137309.203125
4;55;6.439270;140901.218750;140981.421875
4;56;2.993284;147448.031250;147558.265625
4;57;0.602032;150566.953125;150654.375000
4;58;0.333740;151285.468750;151392.468750
4;59;1.487272;151757.406250;151880.734375
4;60;0.093715;153389.046875;153490.468750
4;61;2.366395;153615.953125;153773.328125
4;62;0.029463;156164.593750;156268.015625
4;63;0.557954;156317.078125;156420.687500
4;64;0.052847;156995.734375;157095.968750
4;65;1.898857;157155.078125;157260.562500
4;66;1.732665;159180.343750;159283.343750
4;67;0.117251;161042.015625;161162.890625
4;68;1.267466;161321.781250;161478.000000
4;69;0.565843;162791.312500;162846.203125
4;70;0.527223;163436.953125;163546.718750
4;71;3.194246;164107.328125;164233.562500
4;72;0.888638;167453.000000;167579.140625
4;73;2.660753;168472.921875;168594.421875
4;74;0.803189;171273.171875;171381.890625
4;75;0.712615;172190.984375;172345.718750
4;76;0.426035;173074.687500;173172.359375
4;77;3.178436;173635.828125;173759.875000
4;78;0.185782;176983.656250;177079.046875
4;79;0.155672;177266.562500;177346.187500
4;80;0.419920;177526.062500;177649.531250
4;81;0.097340;178091.062500;178194.375000
4;82;0.402988;178329.546875;178434.203125
4;83;0.096644;178845.890625;178939.078125
4;84;2.271885;179050.187500;179195.546875
4;85;0.372613;181513.468750;181580.500000
4;86;1.596169;181985.546875;182087.359375
4;87;0.706345;183724.109375;183809.656250
4;88;0.771800;184533.015625;184664.843750
4;89;1.306291;185444.406250;185595.171875
4;90;0.846822;186916.421875;187017.562500
4;91;0.735568;187879.875000;187970.859375
4;92;0.875167;188720.921875;188783.359375
4;93;0.114454;189684.171875;189808.000000
4;94;0.438768;189932.703125;190047.125000
4;95;0.324323;190518.015625;190611.734375
4;96;0.475595;190955.531250;191017.984375
4;97;1.588460;191512.421875;191658.687500
4;98;3.316558;193268.359375;193371.109375
4;99;0.038778;196721.828125;196812.468750
4;100;0.962526;196864.546875;196964.656250
4;101;2.017251;197953.578125;198056.125000
4;102;3.477714;200112.765625;200235.312500
4;103;1.158499;203729.171875;203785.531250
4;104;1.763755;204991.046875;205128.875000
4;105;0.084469;206912.515625;207066.562500
4;106;0.536260;207160.328125;207265.671875
4;107;1.198382;207827.765625;207926.062500
4;108;1.847805;209133.265625;209285.546875
4;109;0.048628;211145.171875;211206.703125
4;110;2.879481;211314.078125;211404.312500
4;111;0.275947;214325.609375;214432.046875
4;112;0.005823;214751.000000;214833.062500
4;113;1.099481;214879.140625;214986.390625
4;114;0.523219;216104.265625;216209.859375
4;115;0.100941;216764.343750;216821.437500
4;116;0.150232;216959.390625;217063.437500
4;117;3.627773;217269.781250;217375.015625
4;118;1.394017;221043.187500;221146.234375
4;119;1.693315;222581.109375;222662.031250
4;120;1.447138;224401.109375;224521.593750
4;121;0.784810;225994.562500;226131.078125
4;122;1.144252;226943.828125;227044.296875
4;123;0.479845;228230.906250;228381.375000
4;124;1.706065;228893.687500;228990.812500
4;125;1.021159;230739.875000;230812.484375
4;126;3.041254;231860.906250;231997.515625
4;127;1.196687;235054.000000;235147.734375
4;128;1.019546;236361.750000;236480.875000
4;129;0.068027;237519.859375;237616.687500
4;130;0.644868;237713.375000;237788.500000
4;131;1.639266;238474.343750;238669.000000
4;132;1.097021;240328.515625;240474.328125
4;133;0.148771;241601.046875;241689.718750
4;134;0.121780;241864.765625;241979.125000
4;135;0.392817;242137.015625;242274.390625
4;136;0.317850;242720.937500;242821.218750
4;137;0.768825;243179.781250;243288.281250
4;138;1.714328;244093.750000;244176.281250
4;139;0.302275;245899.859375;245992.625000
4;140;0.168587;246312.375000;246415.062500
4;141;1.053832;246627.812500;246717.093750
4;142;0.438417;247774.031250;247829.140625
4;143;0.336016;248320.421875;248422.203125
4;144;0.413888;248789.812500;248895.796875
4;145;2.472015;249327.156250;249412.453125
4;146;0.944870;251915.578125;252063.468750
4;147;2.517409;253008.953125;253103.687500
4;148;0.568148;255634.281250;255779.140625
4;149;0.308701;256382.359375;256485.484375
4;150;2.039962;256843.000000;256916.906250
4;151;1.034318;258962.812500;259033.656250
4;152;0.447154;260083.437500;260187.031250
4;153;0.685990;260635.750000;260737.765625
4;154;0.874869;261431.765625;261546.906250
4;155;0.267181;262447.437500;262569.468750
4;156;2.768842;262847.906250;262941.093750
4;157;1.726357;265734.031250;265879.125000
4;158;0.617282;267624.343750;267760.187500
4;159;1.106802;268385.593750;268519.750000
4;160;0.798600;269682.437500;269736.062500
4;161;0.441673;270587.468750;270714.125000
4;162;0.189644;271169.093750;271322.218750
4;163;0.578266;271526.593750;271678.000000
4;164;0.416189;272297.625000;272436.281250
4;165;0.878295;272894.906250;272997.250000
4;166;1.346307;273913.875000;274035.468750
4;167;5.315923;275386.343750;275445.812500
4;168;0.495377;280762.656250;280889.843750
4;169;0.986461;281407.562500;281550.593750
4;170;0.386693;282543.406250;282684.937500
4;171;0.324503;283074.718750;283206.437500
4;172;2.660376;283548.750000;283684.093750
4;173;1.010339;286369.406250;286517.906250
4;174;0.390469;287543.906250;287653.343750
4;175;0.233546;288078.250000;288229.156250
4;176;0.226842;288474.625000;288630.281250
4;177;1.714488;288888.437500;289042.375000
4;178;2.501960;290764.093750;290841.125000
4;179;0.355831;293359.625000;293504.218750
4;180;0.207498;293917.062500;294023.156250
4;181;0.694352;294272.718750;294377.687500
4;182;2.366972;295103.156250;295207.812500
4;183;0.692460;297584.718750;297708.906250
4;184;0.757204;298417.187500;298513.812500
4;185;1.516197;299305.687500;299414.781250
4;186;0.597919;300945.906250;301051.906250
4;187;0.383739;301670.437500;301803.031250
4;188;0.035063;302227.531250;302389.687500
4;189;0.171133;302441.343750;302529.906250
4;190;0.120655;302713.875000;302811.687500
4;191;0.029532;302972.750000;303108.031250
4;192;0.339256;303139.312500;303289.656250
4;193;1.721048;303650.593750;303723.093750
4;194;0.247457;305467.718750;305593.500000
4;195;0.505695;305893.125000;306005.687500
4;196;0.104516;306525.531250;306651.218750
4;197;0.747359;306795.875000;306901.500000
4;198;0.496484;307662.343750;307815.687500
4;199;1.217507;308329.812500;308452.343750
4;200;0.061440;309674.687500;309780.468750
4;201;0.439919;309886.187500;310030.656250
4;202;1.296646;310488.687500;310612.218750
4;203;0.117737;311969.687500;312062.093750
4;204;1.299378;312233.843750;312357.906250
4;205;0.031085;313671.656250;313750.812500
4;206;0.749812;313802.437500;313890.875000
4;207;1.691751;314657.500000;314762.500000
4;208;0.040727;316485.625000;316589.531250
4;209;1.943517;316643.093750;316777.125000
4;210;0.893997;318737.437500;318890.937500
4;211;0.431190;319809.031250;319919.062500
4;212;2.272945;320361.750000;320467.531250
4;213;0.070995;322778.312500;322922.625000
4;214;0.393681;323030.125000;323179.968750
4;215;1.413865;323583.593750;323735.218750
4;216;2.308775;325195.843750;325309.156250
4;217;0.174866;327634.437500;327739.093750
4;218;1.167776;327947.250000;328020.281250
4;219;0.184312;329217.000000;329397.906250
4;220;0.220383;329629.218750;329740.500000
4;221;0.301171;329984.093750;330055.468750
4;222;4.135911;330377.593750;330475.718750
4;223;0.854899;334647.218750;334790.562500
4;224;0.760483;335668.718750;335806.812500
4;225;0.314494;336611.656250;336715.312500
4;226;2.509822;337064.781250;337151.906250
4;227;0.616283;339696.906250;339782.406250
4;228;0.530481;340421.218750;340523.625000
4;229;0.622591;341065.187500;341165.562500
4;230;0.557898;341800.250000;341862.531250
4;231;0.139700;342455.937500;342524.468750
4;232;1.383221;342679.218750;342757.593750
4;233;0.388030;344168.468750;344270.468750
4;234;4.418760;344674.125000;344743.312500
4;235;0.794791;349210.843750;349362.312500
4;236;0.033851;350169.125000;350288.968750
4;237;0.024577;350341.500000;350464.312500
4;238;0.377807;350515.312500;350617.218750
4;239;1.211533;351019.406250;351122.906250
4;240;1.504272;352393.562500;352495.875000
4;241;0.138443;354032.250000;354134.250000
4;242;4.899816;354286.218750;354387.656250
4;243;0.739309;359332.718750;359395.875000


