NumeroUsuario NumeroPeticiones TiempoReflexion
0 ; 0 ; 21.941818
0 ; 1 ; 5.998091
0 ; 2 ; 6.882123
0 ; 3 ; 14.379296
0 ; 4 ; 0.872181
0 ; 5 ; 0.519568
0 ; 6 ; 0.057552
0 ; 7 ; 0.579178
0 ; 8 ; 6.756200
0 ; 9 ; 1.555174
1 ; 0 ; 21.666962
1 ; 1 ; 2.575588
1 ; 2 ; 13.392459
1 ; 3 ; 8.126709
1 ; 4 ; 15.693826
1 ; 5 ; 1.504614
1 ; 6 ; 2.127585
1 ; 7 ; 6.635094
1 ; 8 ; 1.202801
1 ; 9 ; 4.345553
2 ; 0 ; 21.406425
2 ; 1 ; 0.562757
2 ; 2 ; 0.611320
2 ; 3 ; 5.433600
2 ; 4 ; 6.996439
2 ; 5 ; 2.732289
2 ; 6 ; 5.723679
2 ; 7 ; 2.231884
2 ; 8 ; 5.800974
2 ; 9 ; 11.224895
3 ; 0 ; 21.158798
3 ; 1 ; 8.313086
3 ; 2 ; 1.775512
3 ; 3 ; 3.692519
3 ; 4 ; 3.990216
3 ; 5 ; 4.363416
3 ; 6 ; 0.084483
3 ; 7 ; 21.137831
3 ; 8 ; 0.867642
3 ; 9 ; 1.162207
4 ; 0 ; 20.922855
4 ; 1 ; 3.610485
4 ; 2 ; 3.295770
4 ; 3 ; 2.403867
4 ; 4 ; 2.125951
4 ; 5 ; 6.800002
4 ; 6 ; 2.168385
4 ; 7 ; 4.717493
4 ; 8 ; 4.999297
4 ; 9 ; 3.678169
5 ; 0 ; 20.707134
5 ; 1 ; 1.230438
5 ; 2 ; 5.490926
5 ; 3 ; 1.380206
5 ; 4 ; 0.771109
5 ; 5 ; 11.743542
5 ; 6 ; 5.807795
5 ; 7 ; 1.346135
5 ; 8 ; 0.553544
5 ; 9 ; 8.983732
6 ; 0 ; 20.491140
6 ; 1 ; 12.758806
6 ; 2 ; 9.496853
6 ; 3 ; 0.530924
6 ; 4 ; 14.026577
6 ; 5 ; 0.339496
6 ; 6 ; 0.111716
6 ; 7 ; 9.880272
6 ; 8 ; 4.308211
6 ; 9 ; 0.797887
7 ; 0 ; 20.284090
7 ; 1 ; 4.916624
7 ; 2 ; 0.173419
7 ; 3 ; 16.131443
7 ; 4 ; 6.660469
7 ; 5 ; 1.286175
7 ; 6 ; 2.209757
7 ; 7 ; 3.334563
7 ; 8 ; 0.257856
7 ; 9 ; 3.089183
8 ; 0 ; 20.085274
8 ; 1 ; 2.000997
8 ; 2 ; 1.228877
8 ; 3 ; 8.568112
8 ; 4 ; 3.803272
8 ; 5 ; 2.454967
8 ; 6 ; 5.893847
8 ; 7 ; 0.594106
8 ; 8 ; 3.701469
8 ; 9 ; 7.441737
9 ; 0 ; 19.894062
9 ; 1 ; 0.171365
9 ; 2 ; 2.568442
9 ; 3 ; 5.686426
9 ; 4 ; 1.996445
9 ; 5 ; 3.983104
9 ; 6 ; 0.139098
9 ; 7 ; 6.685392
9 ; 8 ; 27.349617
9 ; 9 ; 0.458486
10 ; 0 ; 19.709894
10 ; 1 ; 6.690042
10 ; 2 ; 4.403751
10 ; 3 ; 3.869995
10 ; 4 ; 0.672040
10 ; 5 ; 6.194863
10 ; 6 ; 2.251235
10 ; 7 ; 2.252672
10 ; 8 ; 3.160450
10 ; 9 ; 2.562324
11 ; 0 ; 19.532269
11 ; 1 ; 2.912604
11 ; 2 ; 7.334077
11 ; 3 ; 2.540464
11 ; 4 ; 12.778421
11 ; 5 ; 10.257421
11 ; 6 ; 5.980902
11 ; 7 ; 22.142349
11 ; 8 ; 14.175077
11 ; 9 ; 6.265417
12 ; 0 ; 19.368074
12 ; 1 ; 0.785551
12 ; 2 ; 15.301201
12 ; 3 ; 1.491231
12 ; 4 ; 6.345660
12 ; 5 ; 0.165684
12 ; 6 ; 0.166473
12 ; 7 ; 4.751714
12 ; 8 ; 2.672298
12 ; 9 ; 0.140510
13 ; 0 ; 19.201994
13 ; 1 ; 9.462308
13 ; 2 ; 0.736158
13 ; 3 ; 0.624270
13 ; 4 ; 3.623067
13 ; 5 ; 1.076882
13 ; 6 ; 2.293302
13 ; 7 ; 1.363742
13 ; 8 ; 10.891951
13 ; 9 ; 2.085958
14 ; 0 ; 19.041254
14 ; 1 ; 4.027980
14 ; 2 ; 1.933602
14 ; 3 ; 18.845678
14 ; 4 ; 1.870209
14 ; 5 ; 2.191984
14 ; 6 ; 6.070013
14 ; 7 ; 9.978097
14 ; 8 ; 2.227355
14 ; 9 ; 5.313371
15 ; 0 ; 18.885519
15 ; 1 ; 1.485683
15 ; 2 ; 3.511262
15 ; 3 ; 9.053223
15 ; 4 ; 0.574896
15 ; 5 ; 3.629369
15 ; 6 ; 0.194157
15 ; 7 ; 3.360793
15 ; 8 ; 8.926097
15 ; 9 ; 17.188894
16 ; 0 ; 18.734491
16 ; 1 ; 16.220629
16 ; 2 ; 5.829292
16 ; 3 ; 5.953221
16 ; 4 ; 11.780432
16 ; 5 ; 5.654646
16 ; 6 ; 2.335482
16 ; 7 ; 0.609251
16 ; 8 ; 1.819012
16 ; 9 ; 1.650844
17 ; 0 ; 18.587891
17 ; 1 ; 5.466277
17 ; 2 ; 10.283606
17 ; 3 ; 4.054003
17 ; 4 ; 6.049504
17 ; 5 ; 9.114239
17 ; 6 ; 6.160217
17 ; 7 ; 6.736789
17 ; 8 ; 7.519395
17 ; 9 ; 4.514308
18 ; 0 ; 18.445465
18 ; 1 ; 2.300308
18 ; 2 ; 0.287669
18 ; 3 ; 2.680637
18 ; 4 ; 3.449131
18 ; 5 ; 39.161140
18 ; 6 ; 0.221836
18 ; 7 ; 2.273547
18 ; 8 ; 1.441514
18 ; 9 ; 11.927452
19 ; 0 ; 18.312927
19 ; 1 ; 0.377035
19 ; 2 ; 1.370362
19 ; 3 ; 1.604568
19 ; 4 ; 1.747081
19 ; 5 ; 0.876179
19 ; 6 ; 2.378266
19 ; 7 ; 23.400747
19 ; 8 ; 6.422800
19 ; 9 ; 1.250777
20 ; 0 ; 18.178022
20 ; 1 ; 7.492692
20 ; 2 ; 2.754211
20 ; 3 ; 0.719567
20 ; 4 ; 0.479604
20 ; 5 ; 1.942371
20 ; 6 ; 6.252612
20 ; 7 ; 4.786171
20 ; 8 ; 1.090527
20 ; 9 ; 3.825196
21 ; 0 ; 18.046661
21 ; 1 ; 3.273695
21 ; 2 ; 4.674169
21 ; 3 ; 25.250349
21 ; 4 ; 10.948876
21 ; 5 ; 3.299016
21 ; 6 ; 0.249829
21 ; 7 ; 1.381212
21 ; 8 ; 5.523981
21 ; 9 ; 9.421968
22 ; 0 ; 17.918663
22 ; 1 ; 1.018551
22 ; 2 ; 7.830248
22 ; 3 ; 9.590507
22 ; 4 ; 5.769913
22 ; 5 ; 5.167146
22 ; 6 ; 2.421173
22 ; 7 ; 10.076728
22 ; 8 ; 0.762393
22 ; 9 ; 0.880181
23 ; 0 ; 17.793859
23 ; 1 ; 10.957062
23 ; 2 ; 18.433270
23 ; 3 ; 6.234527
23 ; 4 ; 3.281043
23 ; 5 ; 8.183620
23 ; 6 ; 6.346203
23 ; 7 ; 3.386861
23 ; 8 ; 4.761986
23 ; 9 ; 3.219947
24 ; 0 ; 17.672096
24 ; 1 ; 4.483912
24 ; 2 ; 0.864194
24 ; 3 ; 4.244685
24 ; 4 ; 1.626912
24 ; 5 ; 16.988773
24 ; 6 ; 0.277819
24 ; 7 ; 0.624270
24 ; 8 ; 0.454641
24 ; 9 ; 7.759881
25 ; 0 ; 17.553228
25 ; 1 ; 1.754878
25 ; 2 ; 2.096855
25 ; 3 ; 2.825123
25 ; 4 ; 0.386093
25 ; 5 ; 0.683049
25 ; 6 ; 2.464700
25 ; 7 ; 6.788126
25 ; 8 ; 4.101256
25 ; 9 ; 0.535168
26 ; 0 ; 17.442112
26 ; 1 ; 46.492825
26 ; 2 ; 3.736462
26 ; 3 ; 1.720748
26 ; 4 ; 10.236100
26 ; 5 ; 1.704414
26 ; 6 ; 6.442134
26 ; 7 ; 2.294750
26 ; 8 ; 0.164738
26 ; 9 ; 2.679855
27 ; 0 ; 17.328527
27 ; 1 ; 6.083388
27 ; 2 ; 6.191703
27 ; 3 ; 0.816716
27 ; 4 ; 5.505131
27 ; 5 ; 2.989421
27 ; 6 ; 0.306128
27 ; 7 ; 25.109493
27 ; 8 ; 3.517734
27 ; 9 ; 6.514606
28 ; 0 ; 17.217464
28 ; 1 ; 2.618425
28 ; 2 ; 11.219137
28 ; 3 ; 0.051227
28 ; 4 ; 3.118422
28 ; 5 ; 4.723376
28 ; 6 ; 2.508609
28 ; 7 ; 4.821268
28 ; 8 ; 19.068840
28 ; 9 ; 0.212592
29 ; 0 ; 17.108816
29 ; 1 ; 0.591529
29 ; 2 ; 0.404590
29 ; 3 ; 10.191382
29 ; 4 ; 1.509564
29 ; 5 ; 7.400003
29 ; 6 ; 6.539376
29 ; 7 ; 1.398943
29 ; 8 ; 2.994973
29 ; 9 ; 2.192457
30 ; 0 ; 17.002480
30 ; 1 ; 8.450125
30 ; 2 ; 1.515966
30 ; 3 ; 6.533172
30 ; 4 ; 0.294300
30 ; 5 ; 13.552779
30 ; 6 ; 0.334436
30 ; 7 ; 10.178514
30 ; 8 ; 12.845696
30 ; 9 ; 5.518916
31 ; 0 ; 16.898355
31 ; 1 ; 3.663225
31 ; 2 ; 2.947150
31 ; 3 ; 4.443300
31 ; 4 ; 9.612370
31 ; 5 ; 0.497101
31 ; 6 ; 2.552654
31 ; 7 ; 3.413064
31 ; 8 ; 2.521984
31 ; 9 ; 20.017931
32 ; 0 ; 16.796356
32 ; 1 ; 1.263138
32 ; 2 ; 4.959641
32 ; 3 ; 2.973908
32 ; 4 ; 5.253668
32 ; 5 ; 1.477269
32 ; 6 ; 6.639123
32 ; 7 ; 0.639333
32 ; 8 ; 10.158688
32 ; 9 ; 1.748596
33 ; 0 ; 16.700703
33 ; 1 ; 13.096923
33 ; 2 ; 8.381951
33 ; 3 ; 1.839472
33 ; 4 ; 2.960925
33 ; 5 ; 2.697621
33 ; 6 ; 0.363068
33 ; 7 ; 6.839995
33 ; 8 ; 2.089897
33 ; 9 ; 4.688569
34 ; 0 ; 16.602615
34 ; 1 ; 4.985216
34 ; 2 ; 28.668690
34 ; 3 ; 0.915607
34 ; 4 ; 1.394908
34 ; 5 ; 4.315440
34 ; 6 ; 2.597345
34 ; 7 ; 2.315802
34 ; 8 ; 8.420442
34 ; 9 ; 12.747073
35 ; 0 ; 16.506420
35 ; 1 ; 2.039165
35 ; 2 ; 0.995594
35 ; 3 ; 0.136118
35 ; 4 ; 0.204161
35 ; 5 ; 6.722134
35 ; 6 ; 6.740313
35 ; 7 ; 27.686825
35 ; 8 ; 1.692198
35 ; 9 ; 1.340745
36 ; 0 ; 16.412039
36 ; 1 ; 0.197966
36 ; 2 ; 2.265619
36 ; 3 ; 10.875805
36 ; 4 ; 9.057890
36 ; 5 ; 11.536941
36 ; 6 ; 0.391701
36 ; 7 ; 4.856208
36 ; 8 ; 7.133090
36 ; 9 ; 3.977015
37 ; 0 ; 16.319407
37 ; 1 ; 6.788126
37 ; 2 ; 3.971947
37 ; 3 ; 6.850795
37 ; 4 ; 5.014250
37 ; 5 ; 0.317985
37 ; 6 ; 2.642182
37 ; 7 ; 1.416536
37 ; 8 ; 1.323615
37 ; 9 ; 9.901232
38 ; 0 ; 16.228458
38 ; 1 ; 2.958442
38 ; 2 ; 6.583019
38 ; 3 ; 4.649745
38 ; 4 ; 2.807969
38 ; 5 ; 1.260192
38 ; 6 ; 6.844192
38 ; 7 ; 10.281219
38 ; 8 ; 6.109730
38 ; 9 ; 0.963853
39 ; 0 ; 16.139135
39 ; 1 ; 0.815459
39 ; 2 ; 12.370956
39 ; 3 ; 3.126971
39 ; 4 ; 1.282624
39 ; 5 ; 2.421916
39 ; 6 ; 0.420664
39 ; 7 ; 3.439711
39 ; 8 ; 0.980534
39 ; 9 ; 3.353924
40 ; 0 ; 16.055164
40 ; 1 ; 9.634331
40 ; 2 ; 0.524311
40 ; 3 ; 1.961309
40 ; 4 ; 0.115462
40 ; 5 ; 3.938291
40 ; 6 ; 2.687685
40 ; 7 ; 0.654616
40 ; 8 ; 5.261092
40 ; 9 ; 8.099650
41 ; 0 ; 15.968858
41 ; 1 ; 4.085340
41 ; 2 ; 1.665939
41 ; 3 ; 1.016681
41 ; 4 ; 8.557961
41 ; 5 ; 6.125290
41 ; 6 ; 6.950276
41 ; 7 ; 6.893014
41 ; 8 ; 0.659489
41 ; 9 ; 0.613217
42 ; 0 ; 15.884017
42 ; 1 ; 1.520307
42 ; 2 ; 3.147547
42 ; 3 ; 0.222474
42 ; 4 ; 4.785376
42 ; 5 ; 10.103131
42 ; 6 ; 0.449630
42 ; 7 ; 2.337186
42 ; 8 ; 4.535809
42 ; 9 ; 2.800216
43 ; 0 ; 15.800591
43 ; 1 ; 16.920807
43 ; 2 ; 5.262841
43 ; 3 ; 11.667423
43 ; 4 ; 2.659814
43 ; 5 ; 0.144906
43 ; 6 ; 2.733343
43 ; 7 ; 33.418026
43 ; 8 ; 0.357820
43 ; 9 ; 6.777461
44 ; 0 ; 15.718534
44 ; 1 ; 5.542902
44 ; 2 ; 9.002169
44 ; 3 ; 7.189328
44 ; 4 ; 1.173000
44 ; 5 ; 1.051961
44 ; 6 ; 7.058033
44 ; 7 ; 4.891396
44 ; 8 ; 3.902194
44 ; 9 ; 0.285729
45 ; 0 ; 15.637802
45 ; 1 ; 2.340840
45 ; 2 ; 0.093648
45 ; 3 ; 4.865487
45 ; 4 ; 0.028463
45 ; 5 ; 2.160856
45 ; 6 ; 0.478932
45 ; 7 ; 1.434191
45 ; 8 ; 0.073167
45 ; 9 ; 2.301516
46 ; 0 ; 15.558353
46 ; 1 ; 0.404590
46 ; 2 ; 1.130541
46 ; 3 ; 3.285162
46 ; 4 ; 8.104279
46 ; 5 ; 3.587917
46 ; 6 ; 2.779687
46 ; 7 ; 10.386081
46 ; 8 ; 3.340215
46 ; 9 ; 5.732795
47 ; 0 ; 15.480146
47 ; 1 ; 7.608052
47 ; 2 ; 2.440029
47 ; 3 ; 2.086190
47 ; 4 ; 4.566902
47 ; 5 ; 5.592621
47 ; 6 ; 7.168804
47 ; 7 ; 3.466194
47 ; 8 ; 16.100792
47 ; 9 ; 27.206749
48 ; 0 ; 15.406467
48 ; 1 ; 3.322983
48 ; 2 ; 4.219428
48 ; 3 ; 1.119840
48 ; 4 ; 2.515923
48 ; 5 ; 8.990177
48 ; 6 ; 0.508238
48 ; 7 ; 0.669772
48 ; 8 ; 2.835067
48 ; 9 ; 1.848077
49 ; 0 ; 15.330584
49 ; 1 ; 1.050078
49 ; 2 ; 7.007582
49 ; 3 ; 0.310186
49 ; 4 ; 1.065727
49 ; 5 ; 27.067852
49 ; 6 ; 2.826197
49 ; 7 ; 6.945989
49 ; 8 ; 11.798170
49 ; 9 ; 4.869526
