NumeroUsuario NumeroPeticiones TiempoReflexion
0 ; 0 ; 4.388364
0 ; 1 ; 1.199618
0 ; 2 ; 1.376425
0 ; 3 ; 2.875859
0 ; 4 ; 0.174436
0 ; 5 ; 0.103914
0 ; 6 ; 0.011510
0 ; 7 ; 0.115836
0 ; 8 ; 1.351240
0 ; 9 ; 0.311035
0 ; 10 ; 0.402573
0 ; 11 ; 4.660605
0 ; 12 ; 0.966337
0 ; 13 ; 2.682946
0 ; 14 ; 1.857244
0 ; 15 ; 1.287210
0 ; 16 ; 0.281728
0 ; 17 ; 1.075027
0 ; 18 ; 0.904670
0 ; 19 ; 0.557748
0 ; 20 ; 5.059639
0 ; 21 ; 1.024302
0 ; 22 ; 0.822541
0 ; 23 ; 0.019818
0 ; 24 ; 0.081779
0 ; 25 ; 1.734845
0 ; 26 ; 1.011624
0 ; 27 ; 0.122643
0 ; 28 ; 0.277853
0 ; 29 ; 1.263502
0 ; 30 ; 0.859477
0 ; 31 ; 0.096727
0 ; 32 ; 2.708738
0 ; 33 ; 1.350062
0 ; 34 ; 0.418675
0 ; 35 ; 2.514862
0 ; 36 ; 0.210957
0 ; 37 ; 0.571759
0 ; 38 ; 1.767191
0 ; 39 ; 1.857440
0 ; 40 ; 3.186359
0 ; 41 ; 0.507332
0 ; 42 ; 0.596055
0 ; 43 ; 0.757659
0 ; 44 ; 0.052536
0 ; 45 ; 0.317680
0 ; 46 ; 0.744076
0 ; 47 ; 1.367640
0 ; 48 ; 0.641262
0 ; 49 ; 1.040402
0 ; 50 ; 3.743025
0 ; 51 ; 0.188413
0 ; 52 ; 0.406045
0 ; 53 ; 0.222061
0 ; 54 ; 0.301130
0 ; 55 ; 0.638080
0 ; 56 ; 0.058310
0 ; 57 ; 2.708264
0 ; 58 ; 0.034842
0 ; 59 ; 0.176764
0 ; 60 ; 0.123921
0 ; 61 ; 1.904892
0 ; 62 ; 0.728400
0 ; 63 ; 0.536806
0 ; 64 ; 0.012592
0 ; 65 ; 2.346800
0 ; 66 ; 0.007966
0 ; 67 ; 0.468656
0 ; 68 ; 1.209082
0 ; 69 ; 0.841192
0 ; 70 ; 0.768982
0 ; 71 ; 0.074486
0 ; 72 ; 0.235565
0 ; 73 ; 2.175698
0 ; 74 ; 0.123161
0 ; 75 ; 0.809840
0 ; 76 ; 1.023956
0 ; 77 ; 0.380763
0 ; 78 ; 0.822471
0 ; 79 ; 0.358940
0 ; 80 ; 0.352885
0 ; 81 ; 0.278054
0 ; 82 ; 0.420811
0 ; 83 ; 0.746069
0 ; 84 ; 0.149994
0 ; 85 ; 0.646608
0 ; 86 ; 0.611010
0 ; 87 ; 0.629739
0 ; 88 ; 0.346564
0 ; 89 ; 0.922782
0 ; 90 ; 1.393369
0 ; 91 ; 0.295208
0 ; 92 ; 1.783402
0 ; 93 ; 0.720653
0 ; 94 ; 1.252229
0 ; 95 ; 0.588440
0 ; 96 ; 0.796282
0 ; 97 ; 3.421763
0 ; 98 ; 0.175345
0 ; 99 ; 1.668589
1 ; 0 ; 4.660605
1 ; 1 ; 0.966337
1 ; 2 ; 2.682946
1 ; 3 ; 1.857244
1 ; 4 ; 1.287210
1 ; 5 ; 0.281728
1 ; 6 ; 1.075027
1 ; 7 ; 0.904670
1 ; 8 ; 0.557748
1 ; 9 ; 5.059639
1 ; 10 ; 1.024302
1 ; 11 ; 0.822541
1 ; 12 ; 0.019818
1 ; 13 ; 0.081779
1 ; 14 ; 1.734845
1 ; 15 ; 1.011624
1 ; 16 ; 0.122643
1 ; 17 ; 0.277853
1 ; 18 ; 1.263502
1 ; 19 ; 0.859477
1 ; 20 ; 0.096727
1 ; 21 ; 2.708738
1 ; 22 ; 1.350062
1 ; 23 ; 0.418675
1 ; 24 ; 2.514862
1 ; 25 ; 0.210957
1 ; 26 ; 0.571759
1 ; 27 ; 1.767191
1 ; 28 ; 1.857440
1 ; 29 ; 3.186359
1 ; 30 ; 0.507332
1 ; 31 ; 0.596055
1 ; 32 ; 0.757659
1 ; 33 ; 0.052536
1 ; 34 ; 0.317680
1 ; 35 ; 0.744076
1 ; 36 ; 1.367640
1 ; 37 ; 0.641262
1 ; 38 ; 1.040402
1 ; 39 ; 3.743025
1 ; 40 ; 0.188413
1 ; 41 ; 0.406045
1 ; 42 ; 0.222061
1 ; 43 ; 0.301130
1 ; 44 ; 0.638080
1 ; 45 ; 0.058310
1 ; 46 ; 2.708264
1 ; 47 ; 0.034842
1 ; 48 ; 0.176764
1 ; 49 ; 0.123921
1 ; 50 ; 1.904892
1 ; 51 ; 0.728400
1 ; 52 ; 0.536806
1 ; 53 ; 0.012592
1 ; 54 ; 2.346800
1 ; 55 ; 0.007966
1 ; 56 ; 0.468656
1 ; 57 ; 1.209082
1 ; 58 ; 0.841192
1 ; 59 ; 0.768982
1 ; 60 ; 0.074486
1 ; 61 ; 0.235565
1 ; 62 ; 2.175698
1 ; 63 ; 0.123161
1 ; 64 ; 0.809840
1 ; 65 ; 1.023956
1 ; 66 ; 0.380763
1 ; 67 ; 0.822471
1 ; 68 ; 0.358940
1 ; 69 ; 0.352885
1 ; 70 ; 0.278054
1 ; 71 ; 0.420811
1 ; 72 ; 0.746069
1 ; 73 ; 0.149994
1 ; 74 ; 0.646608
1 ; 75 ; 0.611010
1 ; 76 ; 0.629739
1 ; 77 ; 0.346564
1 ; 78 ; 0.922782
1 ; 79 ; 1.393369
1 ; 80 ; 0.295208
1 ; 81 ; 1.783402
1 ; 82 ; 0.720653
1 ; 83 ; 1.252229
1 ; 84 ; 0.588440
1 ; 85 ; 0.796282
1 ; 86 ; 3.421763
1 ; 87 ; 0.175345
1 ; 88 ; 1.668589
1 ; 89 ; 0.211259
1 ; 90 ; 0.730932
1 ; 91 ; 2.263296
1 ; 92 ; 5.021899
1 ; 93 ; 0.837589
1 ; 94 ; 0.085362
1 ; 95 ; 1.749833
1 ; 96 ; 0.273190
1 ; 97 ; 0.032254
1 ; 98 ; 0.164998
1 ; 99 ; 0.018916
2 ; 0 ; 0.822541
2 ; 1 ; 0.019818
2 ; 2 ; 0.081779
2 ; 3 ; 1.734845
2 ; 4 ; 1.011624
2 ; 5 ; 0.122643
2 ; 6 ; 0.277853
2 ; 7 ; 1.263502
2 ; 8 ; 0.859477
2 ; 9 ; 0.096727
2 ; 10 ; 2.708738
2 ; 11 ; 1.350062
2 ; 12 ; 0.418675
2 ; 13 ; 2.514862
2 ; 14 ; 0.210957
2 ; 15 ; 0.571759
2 ; 16 ; 1.767191
2 ; 17 ; 1.857440
2 ; 18 ; 3.186359
2 ; 19 ; 0.507332
2 ; 20 ; 0.596055
2 ; 21 ; 0.757659
2 ; 22 ; 0.052536
2 ; 23 ; 0.317680
2 ; 24 ; 0.744076
2 ; 25 ; 1.367640
2 ; 26 ; 0.641262
2 ; 27 ; 1.040402
2 ; 28 ; 3.743025
2 ; 29 ; 0.188413
2 ; 30 ; 0.406045
2 ; 31 ; 0.222061
2 ; 32 ; 0.301130
2 ; 33 ; 0.638080
2 ; 34 ; 0.058310
2 ; 35 ; 2.708264
2 ; 36 ; 0.034842
2 ; 37 ; 0.176764
2 ; 38 ; 0.123921
2 ; 39 ; 1.904892
2 ; 40 ; 0.728400
2 ; 41 ; 0.536806
2 ; 42 ; 0.012592
2 ; 43 ; 2.346800
2 ; 44 ; 0.007966
2 ; 45 ; 0.468656
2 ; 46 ; 1.209082
2 ; 47 ; 0.841192
2 ; 48 ; 0.768982
2 ; 49 ; 0.074486
2 ; 50 ; 0.235565
2 ; 51 ; 2.175698
2 ; 52 ; 0.123161
2 ; 53 ; 0.809840
2 ; 54 ; 1.023956
2 ; 55 ; 0.380763
2 ; 56 ; 0.822471
2 ; 57 ; 0.358940
2 ; 58 ; 0.352885
2 ; 59 ; 0.278054
2 ; 60 ; 0.420811
2 ; 61 ; 0.746069
2 ; 62 ; 0.149994
2 ; 63 ; 0.646608
2 ; 64 ; 0.611010
2 ; 65 ; 0.629739
2 ; 66 ; 0.346564
2 ; 67 ; 0.922782
2 ; 68 ; 1.393369
2 ; 69 ; 0.295208
2 ; 70 ; 1.783402
2 ; 71 ; 0.720653
2 ; 72 ; 1.252229
2 ; 73 ; 0.588440
2 ; 74 ; 0.796282
2 ; 75 ; 3.421763
2 ; 76 ; 0.175345
2 ; 77 ; 1.668589
2 ; 78 ; 0.211259
2 ; 79 ; 0.730932
2 ; 80 ; 2.263296
2 ; 81 ; 5.021899
2 ; 82 ; 0.837589
2 ; 83 ; 0.085362
2 ; 84 ; 1.749833
2 ; 85 ; 0.273190
2 ; 86 ; 0.032254
2 ; 87 ; 0.164998
2 ; 88 ; 0.018916
2 ; 89 ; 0.335960
2 ; 90 ; 0.768587
2 ; 91 ; 0.168242
2 ; 92 ; 0.970114
2 ; 93 ; 0.596941
2 ; 94 ; 0.232634
2 ; 95 ; 2.646993
2 ; 96 ; 0.101107
2 ; 97 ; 0.154792
2 ; 98 ; 0.256209
2 ; 99 ; 0.218751
3 ; 0 ; 1.350062
3 ; 1 ; 0.418675
3 ; 2 ; 2.514862
3 ; 3 ; 0.210957
3 ; 4 ; 0.571759
3 ; 5 ; 1.767191
3 ; 6 ; 1.857440
3 ; 7 ; 3.186359
3 ; 8 ; 0.507332
3 ; 9 ; 0.596055
3 ; 10 ; 0.757659
3 ; 11 ; 0.052536
3 ; 12 ; 0.317680
3 ; 13 ; 0.744076
3 ; 14 ; 1.367640
3 ; 15 ; 0.641262
3 ; 16 ; 1.040402
3 ; 17 ; 3.743025
3 ; 18 ; 0.188413
3 ; 19 ; 0.406045
3 ; 20 ; 0.222061
3 ; 21 ; 0.301130
3 ; 22 ; 0.638080
3 ; 23 ; 0.058310
3 ; 24 ; 2.708264
3 ; 25 ; 0.034842
3 ; 26 ; 0.176764
3 ; 27 ; 0.123921
3 ; 28 ; 1.904892
3 ; 29 ; 0.728400
3 ; 30 ; 0.536806
3 ; 31 ; 0.012592
3 ; 32 ; 2.346800
3 ; 33 ; 0.007966
3 ; 34 ; 0.468656
3 ; 35 ; 1.209082
3 ; 36 ; 0.841192
3 ; 37 ; 0.768982
3 ; 38 ; 0.074486
3 ; 39 ; 0.235565
3 ; 40 ; 2.175698
3 ; 41 ; 0.123161
3 ; 42 ; 0.809840
3 ; 43 ; 1.023956
3 ; 44 ; 0.380763
3 ; 45 ; 0.822471
3 ; 46 ; 0.358940
3 ; 47 ; 0.352885
3 ; 48 ; 0.278054
3 ; 49 ; 0.420811
3 ; 50 ; 0.746069
3 ; 51 ; 0.149994
3 ; 52 ; 0.646608
3 ; 53 ; 0.611010
3 ; 54 ; 0.629739
3 ; 55 ; 0.346564
3 ; 56 ; 0.922782
3 ; 57 ; 1.393369
3 ; 58 ; 0.295208
3 ; 59 ; 1.783402
3 ; 60 ; 0.720653
3 ; 61 ; 1.252229
3 ; 62 ; 0.588440
3 ; 63 ; 0.796282
3 ; 64 ; 3.421763
3 ; 65 ; 0.175345
3 ; 66 ; 1.668589
3 ; 67 ; 0.211259
3 ; 68 ; 0.730932
3 ; 69 ; 2.263296
3 ; 70 ; 5.021899
3 ; 71 ; 0.837589
3 ; 72 ; 0.085362
3 ; 73 ; 1.749833
3 ; 74 ; 0.273190
3 ; 75 ; 0.032254
3 ; 76 ; 0.164998
3 ; 77 ; 0.018916
3 ; 78 ; 0.335960
3 ; 79 ; 0.768587
3 ; 80 ; 0.168242
3 ; 81 ; 0.970114
3 ; 82 ; 0.596941
3 ; 83 ; 0.232634
3 ; 84 ; 2.646993
3 ; 85 ; 0.101107
3 ; 86 ; 0.154792
3 ; 87 ; 0.256209
3 ; 88 ; 0.218751
3 ; 89 ; 0.455912
3 ; 90 ; 0.053533
3 ; 91 ; 0.194400
3 ; 92 ; 0.380272
3 ; 93 ; 1.122830
3 ; 94 ; 1.699497
3 ; 95 ; 0.889105
3 ; 96 ; 0.965375
3 ; 97 ; 0.175090
3 ; 98 ; 0.144654
3 ; 99 ; 0.567875
4 ; 0 ; 0.052536
4 ; 1 ; 0.317680
4 ; 2 ; 0.744076
4 ; 3 ; 1.367640
4 ; 4 ; 0.641262
4 ; 5 ; 1.040402
4 ; 6 ; 3.743025
4 ; 7 ; 0.188413
4 ; 8 ; 0.406045
4 ; 9 ; 0.222061
4 ; 10 ; 0.301130
4 ; 11 ; 0.638080
4 ; 12 ; 0.058310
4 ; 13 ; 2.708264
4 ; 14 ; 0.034842
4 ; 15 ; 0.176764
4 ; 16 ; 0.123921
4 ; 17 ; 1.904892
4 ; 18 ; 0.728400
4 ; 19 ; 0.536806
4 ; 20 ; 0.012592
4 ; 21 ; 2.346800
4 ; 22 ; 0.007966
4 ; 23 ; 0.468656
4 ; 24 ; 1.209082
4 ; 25 ; 0.841192
4 ; 26 ; 0.768982
4 ; 27 ; 0.074486
4 ; 28 ; 0.235565
4 ; 29 ; 2.175698
4 ; 30 ; 0.123161
4 ; 31 ; 0.809840
4 ; 32 ; 1.023956
4 ; 33 ; 0.380763
4 ; 34 ; 0.822471
4 ; 35 ; 0.358940
4 ; 36 ; 0.352885
4 ; 37 ; 0.278054
4 ; 38 ; 0.420811
4 ; 39 ; 0.746069
4 ; 40 ; 0.149994
4 ; 41 ; 0.646608
4 ; 42 ; 0.611010
4 ; 43 ; 0.629739
4 ; 44 ; 0.346564
4 ; 45 ; 0.922782
4 ; 46 ; 1.393369
4 ; 47 ; 0.295208
4 ; 48 ; 1.783402
4 ; 49 ; 0.720653
4 ; 50 ; 1.252229
4 ; 51 ; 0.588440
4 ; 52 ; 0.796282
4 ; 53 ; 3.421763
4 ; 54 ; 0.175345
4 ; 55 ; 1.668589
4 ; 56 ; 0.211259
4 ; 57 ; 0.730932
4 ; 58 ; 2.263296
4 ; 59 ; 5.021899
4 ; 60 ; 0.837589
4 ; 61 ; 0.085362
4 ; 62 ; 1.749833
4 ; 63 ; 0.273190
4 ; 64 ; 0.032254
4 ; 65 ; 0.164998
4 ; 66 ; 0.018916
4 ; 67 ; 0.335960
4 ; 68 ; 0.768587
4 ; 69 ; 0.168242
4 ; 70 ; 0.970114
4 ; 71 ; 0.596941
4 ; 72 ; 0.232634
4 ; 73 ; 2.646993
4 ; 74 ; 0.101107
4 ; 75 ; 0.154792
4 ; 76 ; 0.256209
4 ; 77 ; 0.218751
4 ; 78 ; 0.455912
4 ; 79 ; 0.053533
4 ; 80 ; 0.194400
4 ; 81 ; 0.380272
4 ; 82 ; 1.122830
4 ; 83 ; 1.699497
4 ; 84 ; 0.889105
4 ; 85 ; 0.965375
4 ; 86 ; 0.175090
4 ; 87 ; 0.144654
4 ; 88 ; 0.567875
4 ; 89 ; 3.078638
4 ; 90 ; 1.709060
4 ; 91 ; 1.698496
4 ; 92 ; 0.649700
4 ; 93 ; 1.303258
4 ; 94 ; 0.204421
4 ; 95 ; 3.518851
4 ; 96 ; 0.369925
4 ; 97 ; 0.254948
4 ; 98 ; 0.134653
4 ; 99 ; 1.023189
5 ; 0 ; 0.638080
5 ; 1 ; 0.058310
5 ; 2 ; 2.708264
5 ; 3 ; 0.034842
5 ; 4 ; 0.176764
5 ; 5 ; 0.123921
5 ; 6 ; 1.904892
5 ; 7 ; 0.728400
5 ; 8 ; 0.536806
5 ; 9 ; 0.012592
5 ; 10 ; 2.346800
5 ; 11 ; 0.007966
5 ; 12 ; 0.468656
5 ; 13 ; 1.209082
5 ; 14 ; 0.841192
5 ; 15 ; 0.768982
5 ; 16 ; 0.074486
5 ; 17 ; 0.235565
5 ; 18 ; 2.175698
5 ; 19 ; 0.123161
5 ; 20 ; 0.809840
5 ; 21 ; 1.023956
5 ; 22 ; 0.380763
5 ; 23 ; 0.822471
5 ; 24 ; 0.358940
5 ; 25 ; 0.352885
5 ; 26 ; 0.278054
5 ; 27 ; 0.420811
5 ; 28 ; 0.746069
5 ; 29 ; 0.149994
5 ; 30 ; 0.646608
5 ; 31 ; 0.611010
5 ; 32 ; 0.629739
5 ; 33 ; 0.346564
5 ; 34 ; 0.922782
5 ; 35 ; 1.393369
5 ; 36 ; 0.295208
5 ; 37 ; 1.783402
5 ; 38 ; 0.720653
5 ; 39 ; 1.252229
5 ; 40 ; 0.588440
5 ; 41 ; 0.796282
5 ; 42 ; 3.421763
5 ; 43 ; 0.175345
5 ; 44 ; 1.668589
5 ; 45 ; 0.211259
5 ; 46 ; 0.730932
5 ; 47 ; 2.263296
5 ; 48 ; 5.021899
5 ; 49 ; 0.837589
5 ; 50 ; 0.085362
5 ; 51 ; 1.749833
5 ; 52 ; 0.273190
5 ; 53 ; 0.032254
5 ; 54 ; 0.164998
5 ; 55 ; 0.018916
5 ; 56 ; 0.335960
5 ; 57 ; 0.768587
5 ; 58 ; 0.168242
5 ; 59 ; 0.970114
5 ; 60 ; 0.596941
5 ; 61 ; 0.232634
5 ; 62 ; 2.646993
5 ; 63 ; 0.101107
5 ; 64 ; 0.154792
5 ; 65 ; 0.256209
5 ; 66 ; 0.218751
5 ; 67 ; 0.455912
5 ; 68 ; 0.053533
5 ; 69 ; 0.194400
5 ; 70 ; 0.380272
5 ; 71 ; 1.122830
5 ; 72 ; 1.699497
5 ; 73 ; 0.889105
5 ; 74 ; 0.965375
5 ; 75 ; 0.175090
5 ; 76 ; 0.144654
5 ; 77 ; 0.567875
5 ; 78 ; 3.078638
5 ; 79 ; 1.709060
5 ; 80 ; 1.698496
5 ; 81 ; 0.649700
5 ; 82 ; 1.303258
5 ; 83 ; 0.204421
5 ; 84 ; 3.518851
5 ; 85 ; 0.369925
5 ; 86 ; 0.254948
5 ; 87 ; 0.134653
5 ; 88 ; 1.023189
5 ; 89 ; 0.780439
5 ; 90 ; 0.881339
5 ; 91 ; 0.611348
5 ; 92 ; 1.019629
5 ; 93 ; 1.523429
5 ; 94 ; 0.804299
5 ; 95 ; 0.433442
5 ; 96 ; 7.261683
5 ; 97 ; 0.341741
5 ; 98 ; 0.124716
5 ; 99 ; 1.882788
6 ; 0 ; 0.007966
6 ; 1 ; 0.468656
6 ; 2 ; 1.209082
6 ; 3 ; 0.841192
6 ; 4 ; 0.768982
6 ; 5 ; 0.074486
6 ; 6 ; 0.235565
6 ; 7 ; 2.175698
6 ; 8 ; 0.123161
6 ; 9 ; 0.809840
6 ; 10 ; 1.023956
6 ; 11 ; 0.380763
6 ; 12 ; 0.822471
6 ; 13 ; 0.358940
6 ; 14 ; 0.352885
6 ; 15 ; 0.278054
6 ; 16 ; 0.420811
6 ; 17 ; 0.746069
6 ; 18 ; 0.149994
6 ; 19 ; 0.646608
6 ; 20 ; 0.611010
6 ; 21 ; 0.629739
6 ; 22 ; 0.346564
6 ; 23 ; 0.922782
6 ; 24 ; 1.393369
6 ; 25 ; 0.295208
6 ; 26 ; 1.783402
6 ; 27 ; 0.720653
6 ; 28 ; 1.252229
6 ; 29 ; 0.588440
6 ; 30 ; 0.796282
6 ; 31 ; 3.421763
6 ; 32 ; 0.175345
6 ; 33 ; 1.668589
6 ; 34 ; 0.211259
6 ; 35 ; 0.730932
6 ; 36 ; 2.263296
6 ; 37 ; 5.021899
6 ; 38 ; 0.837589
6 ; 39 ; 0.085362
6 ; 40 ; 1.749833
6 ; 41 ; 0.273190
6 ; 42 ; 0.032254
6 ; 43 ; 0.164998
6 ; 44 ; 0.018916
6 ; 45 ; 0.335960
6 ; 46 ; 0.768587
6 ; 47 ; 0.168242
6 ; 48 ; 0.970114
6 ; 49 ; 0.596941
6 ; 50 ; 0.232634
6 ; 51 ; 2.646993
6 ; 52 ; 0.101107
6 ; 53 ; 0.154792
6 ; 54 ; 0.256209
6 ; 55 ; 0.218751
6 ; 56 ; 0.455912
6 ; 57 ; 0.053533
6 ; 58 ; 0.194400
6 ; 59 ; 0.380272
6 ; 60 ; 1.122830
6 ; 61 ; 1.699497
6 ; 62 ; 0.889105
6 ; 63 ; 0.965375
6 ; 64 ; 0.175090
6 ; 65 ; 0.144654
6 ; 66 ; 0.567875
6 ; 67 ; 3.078638
6 ; 68 ; 1.709060
6 ; 69 ; 1.698496
6 ; 70 ; 0.649700
6 ; 71 ; 1.303258
6 ; 72 ; 0.204421
6 ; 73 ; 3.518851
6 ; 74 ; 0.369925
6 ; 75 ; 0.254948
6 ; 76 ; 0.134653
6 ; 77 ; 1.023189
6 ; 78 ; 0.780439
6 ; 79 ; 0.881339
6 ; 80 ; 0.611348
6 ; 81 ; 1.019629
6 ; 82 ; 1.523429
6 ; 83 ; 0.804299
6 ; 84 ; 0.433442
6 ; 85 ; 7.261683
6 ; 86 ; 0.341741
6 ; 87 ; 0.124716
6 ; 88 ; 1.882788
6 ; 89 ; 0.138851
6 ; 90 ; 0.434713
6 ; 91 ; 0.102831
6 ; 92 ; 1.613168
6 ; 93 ; 1.806362
6 ; 94 ; 2.529689
6 ; 95 ; 1.320940
6 ; 96 ; 1.169095
6 ; 97 ; 0.436790
6 ; 98 ; 0.114911
6 ; 99 ; 0.056661
7 ; 0 ; 0.380763
7 ; 1 ; 0.822471
7 ; 2 ; 0.358940
7 ; 3 ; 0.352885
7 ; 4 ; 0.278054
7 ; 5 ; 0.420811
7 ; 6 ; 0.746069
7 ; 7 ; 0.149994
7 ; 8 ; 0.646608
7 ; 9 ; 0.611010
7 ; 10 ; 0.629739
7 ; 11 ; 0.346564
7 ; 12 ; 0.922782
7 ; 13 ; 1.393369
7 ; 14 ; 0.295208
7 ; 15 ; 1.783402
7 ; 16 ; 0.720653
7 ; 17 ; 1.252229
7 ; 18 ; 0.588440
7 ; 19 ; 0.796282
7 ; 20 ; 3.421763
7 ; 21 ; 0.175345
7 ; 22 ; 1.668589
7 ; 23 ; 0.211259
7 ; 24 ; 0.730932
7 ; 25 ; 2.263296
7 ; 26 ; 5.021899
7 ; 27 ; 0.837589
7 ; 28 ; 0.085362
7 ; 29 ; 1.749833
7 ; 30 ; 0.273190
7 ; 31 ; 0.032254
7 ; 32 ; 0.164998
7 ; 33 ; 0.018916
7 ; 34 ; 0.335960
7 ; 35 ; 0.768587
7 ; 36 ; 0.168242
7 ; 37 ; 0.970114
7 ; 38 ; 0.596941
7 ; 39 ; 0.232634
7 ; 40 ; 2.646993
7 ; 41 ; 0.101107
7 ; 42 ; 0.154792
7 ; 43 ; 0.256209
7 ; 44 ; 0.218751
7 ; 45 ; 0.455912
7 ; 46 ; 0.053533
7 ; 47 ; 0.194400
7 ; 48 ; 0.380272
7 ; 49 ; 1.122830
7 ; 50 ; 1.699497
7 ; 51 ; 0.889105
7 ; 52 ; 0.965375
7 ; 53 ; 0.175090
7 ; 54 ; 0.144654
7 ; 55 ; 0.567875
7 ; 56 ; 3.078638
7 ; 57 ; 1.709060
7 ; 58 ; 1.698496
7 ; 59 ; 0.649700
7 ; 60 ; 1.303258
7 ; 61 ; 0.204421
7 ; 62 ; 3.518851
7 ; 63 ; 0.369925
7 ; 64 ; 0.254948
7 ; 65 ; 0.134653
7 ; 66 ; 1.023189
7 ; 67 ; 0.780439
7 ; 68 ; 0.881339
7 ; 69 ; 0.611348
7 ; 70 ; 1.019629
7 ; 71 ; 1.523429
7 ; 72 ; 0.804299
7 ; 73 ; 0.433442
7 ; 74 ; 7.261683
7 ; 75 ; 0.341741
7 ; 76 ; 0.124716
7 ; 77 ; 1.882788
7 ; 78 ; 0.138851
7 ; 79 ; 0.434713
7 ; 80 ; 0.102831
7 ; 81 ; 1.613168
7 ; 82 ; 1.806362
7 ; 83 ; 2.529689
7 ; 84 ; 1.320940
7 ; 85 ; 1.169095
7 ; 86 ; 0.436790
7 ; 87 ; 0.114911
7 ; 88 ; 0.056661
7 ; 89 ; 1.264042
7 ; 90 ; 0.127104
7 ; 91 ; 1.339755
7 ; 92 ; 3.275117
7 ; 93 ; 2.202120
7 ; 94 ; 0.339639
7 ; 95 ; 0.121575
7 ; 96 ; 0.477078
7 ; 97 ; 0.541882
7 ; 98 ; 0.105167
7 ; 99 ; 0.304268
8 ; 0 ; 0.346564
8 ; 1 ; 0.922782
8 ; 2 ; 1.393369
8 ; 3 ; 0.295208
8 ; 4 ; 1.783402
8 ; 5 ; 0.720653
8 ; 6 ; 1.252229
8 ; 7 ; 0.588440
8 ; 8 ; 0.796282
8 ; 9 ; 3.421763
8 ; 10 ; 0.175345
8 ; 11 ; 1.668589
8 ; 12 ; 0.211259
8 ; 13 ; 0.730932
8 ; 14 ; 2.263296
8 ; 15 ; 5.021899
8 ; 16 ; 0.837589
8 ; 17 ; 0.085362
8 ; 18 ; 1.749833
8 ; 19 ; 0.273190
8 ; 20 ; 0.032254
8 ; 21 ; 0.164998
8 ; 22 ; 0.018916
8 ; 23 ; 0.335960
8 ; 24 ; 0.768587
8 ; 25 ; 0.168242
8 ; 26 ; 0.970114
8 ; 27 ; 0.596941
8 ; 28 ; 0.232634
8 ; 29 ; 2.646993
8 ; 30 ; 0.101107
8 ; 31 ; 0.154792
8 ; 32 ; 0.256209
8 ; 33 ; 0.218751
8 ; 34 ; 0.455912
8 ; 35 ; 0.053533
8 ; 36 ; 0.194400
8 ; 37 ; 0.380272
8 ; 38 ; 1.122830
8 ; 39 ; 1.699497
8 ; 40 ; 0.889105
8 ; 41 ; 0.965375
8 ; 42 ; 0.175090
8 ; 43 ; 0.144654
8 ; 44 ; 0.567875
8 ; 45 ; 3.078638
8 ; 46 ; 1.709060
8 ; 47 ; 1.698496
8 ; 48 ; 0.649700
8 ; 49 ; 1.303258
8 ; 50 ; 0.204421
8 ; 51 ; 3.518851
8 ; 52 ; 0.369925
8 ; 53 ; 0.254948
8 ; 54 ; 0.134653
8 ; 55 ; 1.023189
8 ; 56 ; 0.780439
8 ; 57 ; 0.881339
8 ; 58 ; 0.611348
8 ; 59 ; 1.019629
8 ; 60 ; 1.523429
8 ; 61 ; 0.804299
8 ; 62 ; 0.433442
8 ; 63 ; 7.261683
8 ; 64 ; 0.341741
8 ; 65 ; 0.124716
8 ; 66 ; 1.882788
8 ; 67 ; 0.138851
8 ; 68 ; 0.434713
8 ; 69 ; 0.102831
8 ; 70 ; 1.613168
8 ; 71 ; 1.806362
8 ; 72 ; 2.529689
8 ; 73 ; 1.320940
8 ; 74 ; 1.169095
8 ; 75 ; 0.436790
8 ; 76 ; 0.114911
8 ; 77 ; 0.056661
8 ; 78 ; 1.264042
8 ; 79 ; 0.127104
8 ; 80 ; 1.339755
8 ; 81 ; 3.275117
8 ; 82 ; 2.202120
8 ; 83 ; 0.339639
8 ; 84 ; 0.121575
8 ; 85 ; 0.477078
8 ; 86 ; 0.541882
8 ; 87 ; 0.105167
8 ; 88 ; 0.304268
8 ; 89 ; 0.364329
8 ; 90 ; 2.173014
8 ; 91 ; 0.475506
8 ; 92 ; 0.131967
8 ; 93 ; 2.866697
8 ; 94 ; 1.066213
8 ; 95 ; 0.684911
8 ; 96 ; 0.071958
8 ; 97 ; 0.659272
8 ; 98 ; 0.095551
8 ; 99 ; 0.634159
9 ; 0 ; 1.668589
9 ; 1 ; 0.211259
9 ; 2 ; 0.730932
9 ; 3 ; 2.263296
9 ; 4 ; 5.021899
9 ; 5 ; 0.837589
9 ; 6 ; 0.085362
9 ; 7 ; 1.749833
9 ; 8 ; 0.273190
9 ; 9 ; 0.032254
9 ; 10 ; 0.164998
9 ; 11 ; 0.018916
9 ; 12 ; 0.335960
9 ; 13 ; 0.768587
9 ; 14 ; 0.168242
9 ; 15 ; 0.970114
9 ; 16 ; 0.596941
9 ; 17 ; 0.232634
9 ; 18 ; 2.646993
9 ; 19 ; 0.101107
9 ; 20 ; 0.154792
9 ; 21 ; 0.256209
9 ; 22 ; 0.218751
9 ; 23 ; 0.455912
9 ; 24 ; 0.053533
9 ; 25 ; 0.194400
9 ; 26 ; 0.380272
9 ; 27 ; 1.122830
9 ; 28 ; 1.699497
9 ; 29 ; 0.889105
9 ; 30 ; 0.965375
9 ; 31 ; 0.175090
9 ; 32 ; 0.144654
9 ; 33 ; 0.567875
9 ; 34 ; 3.078638
9 ; 35 ; 1.709060
9 ; 36 ; 1.698496
9 ; 37 ; 0.649700
9 ; 38 ; 1.303258
9 ; 39 ; 0.204421
9 ; 40 ; 3.518851
9 ; 41 ; 0.369925
9 ; 42 ; 0.254948
9 ; 43 ; 0.134653
9 ; 44 ; 1.023189
9 ; 45 ; 0.780439
9 ; 46 ; 0.881339
9 ; 47 ; 0.611348
9 ; 48 ; 1.019629
9 ; 49 ; 1.523429
9 ; 50 ; 0.804299
9 ; 51 ; 0.433442
9 ; 52 ; 7.261683
9 ; 53 ; 0.341741
9 ; 54 ; 0.124716
9 ; 55 ; 1.882788
9 ; 56 ; 0.138851
9 ; 57 ; 0.434713
9 ; 58 ; 0.102831
9 ; 59 ; 1.613168
9 ; 60 ; 1.806362
9 ; 61 ; 2.529689
9 ; 62 ; 1.320940
9 ; 63 ; 1.169095
9 ; 64 ; 0.436790
9 ; 65 ; 0.114911
9 ; 66 ; 0.056661
9 ; 67 ; 1.264042
9 ; 68 ; 0.127104
9 ; 69 ; 1.339755
9 ; 70 ; 3.275117
9 ; 71 ; 2.202120
9 ; 72 ; 0.339639
9 ; 73 ; 0.121575
9 ; 74 ; 0.477078
9 ; 75 ; 0.541882
9 ; 76 ; 0.105167
9 ; 77 ; 0.304268
9 ; 78 ; 0.364329
9 ; 79 ; 2.173014
9 ; 80 ; 0.475506
9 ; 81 ; 0.131967
9 ; 82 ; 2.866697
9 ; 83 ; 1.066213
9 ; 84 ; 0.684911
9 ; 85 ; 0.071958
9 ; 86 ; 0.659272
9 ; 87 ; 0.095551
9 ; 88 ; 0.634159
9 ; 89 ; 2.236659
9 ; 90 ; 1.058356
9 ; 91 ; 0.018947
9 ; 92 ; 0.335618
9 ; 93 ; 5.752786
9 ; 94 ; 0.023655
9 ; 95 ; 2.097643
9 ; 96 ; 1.425094
9 ; 97 ; 0.792298
9 ; 98 ; 0.085994
9 ; 99 ; 1.129795
10 ; 0 ; 0.018916
10 ; 1 ; 0.335960
10 ; 2 ; 0.768587
10 ; 3 ; 0.168242
10 ; 4 ; 0.970114
10 ; 5 ; 0.596941
10 ; 6 ; 0.232634
10 ; 7 ; 2.646993
10 ; 8 ; 0.101107
10 ; 9 ; 0.154792
10 ; 10 ; 0.256209
10 ; 11 ; 0.218751
10 ; 12 ; 0.455912
10 ; 13 ; 0.053533
10 ; 14 ; 0.194400
10 ; 15 ; 0.380272
10 ; 16 ; 1.122830
10 ; 17 ; 1.699497
10 ; 18 ; 0.889105
10 ; 19 ; 0.965375
10 ; 20 ; 0.175090
10 ; 21 ; 0.144654
10 ; 22 ; 0.567875
10 ; 23 ; 3.078638
10 ; 24 ; 1.709060
10 ; 25 ; 1.698496
10 ; 26 ; 0.649700
10 ; 27 ; 1.303258
10 ; 28 ; 0.204421
10 ; 29 ; 3.518851
10 ; 30 ; 0.369925
10 ; 31 ; 0.254948
10 ; 32 ; 0.134653
10 ; 33 ; 1.023189
10 ; 34 ; 0.780439
10 ; 35 ; 0.881339
10 ; 36 ; 0.611348
10 ; 37 ; 1.019629
10 ; 38 ; 1.523429
10 ; 39 ; 0.804299
10 ; 40 ; 0.433442
10 ; 41 ; 7.261683
10 ; 42 ; 0.341741
10 ; 43 ; 0.124716
10 ; 44 ; 1.882788
10 ; 45 ; 0.138851
10 ; 46 ; 0.434713
10 ; 47 ; 0.102831
10 ; 48 ; 1.613168
10 ; 49 ; 1.806362
10 ; 50 ; 2.529689
10 ; 51 ; 1.320940
10 ; 52 ; 1.169095
10 ; 53 ; 0.436790
10 ; 54 ; 0.114911
10 ; 55 ; 0.056661
10 ; 56 ; 1.264042
10 ; 57 ; 0.127104
10 ; 58 ; 1.339755
10 ; 59 ; 3.275117
10 ; 60 ; 2.202120
10 ; 61 ; 0.339639
10 ; 62 ; 0.121575
10 ; 63 ; 0.477078
10 ; 64 ; 0.541882
10 ; 65 ; 0.105167
10 ; 66 ; 0.304268
10 ; 67 ; 0.364329
10 ; 68 ; 2.173014
10 ; 69 ; 0.475506
10 ; 70 ; 0.131967
10 ; 71 ; 2.866697
10 ; 72 ; 1.066213
10 ; 73 ; 0.684911
10 ; 74 ; 0.071958
10 ; 75 ; 0.659272
10 ; 76 ; 0.095551
10 ; 77 ; 0.634159
10 ; 78 ; 2.236659
10 ; 79 ; 1.058356
10 ; 80 ; 0.018947
10 ; 81 ; 0.335618
10 ; 82 ; 5.752786
10 ; 83 ; 0.023655
10 ; 84 ; 2.097643
10 ; 85 ; 1.425094
10 ; 86 ; 0.792298
10 ; 87 ; 0.085994
10 ; 88 ; 1.129795
10 ; 89 ; 0.655856
10 ; 90 ; 0.544299
10 ; 91 ; 1.076280
10 ; 92 ; 0.591633
10 ; 93 ; 0.051796
10 ; 94 ; 0.496042
10 ; 95 ; 0.299234
10 ; 96 ; 0.597052
10 ; 97 ; 0.945775
10 ; 98 ; 0.076560
10 ; 99 ; 2.155738
11 ; 0 ; 0.218751
11 ; 1 ; 0.455912
11 ; 2 ; 0.053533
11 ; 3 ; 0.194400
11 ; 4 ; 0.380272
11 ; 5 ; 1.122830
11 ; 6 ; 1.699497
11 ; 7 ; 0.889105
11 ; 8 ; 0.965375
11 ; 9 ; 0.175090
11 ; 10 ; 0.144654
11 ; 11 ; 0.567875
11 ; 12 ; 3.078638
11 ; 13 ; 1.709060
11 ; 14 ; 1.698496
11 ; 15 ; 0.649700
11 ; 16 ; 1.303258
11 ; 17 ; 0.204421
11 ; 18 ; 3.518851
11 ; 19 ; 0.369925
11 ; 20 ; 0.254948
11 ; 21 ; 0.134653
11 ; 22 ; 1.023189
11 ; 23 ; 0.780439
11 ; 24 ; 0.881339
11 ; 25 ; 0.611348
11 ; 26 ; 1.019629
11 ; 27 ; 1.523429
11 ; 28 ; 0.804299
11 ; 29 ; 0.433442
11 ; 30 ; 7.261683
11 ; 31 ; 0.341741
11 ; 32 ; 0.124716
11 ; 33 ; 1.882788
11 ; 34 ; 0.138851
11 ; 35 ; 0.434713
11 ; 36 ; 0.102831
11 ; 37 ; 1.613168
11 ; 38 ; 1.806362
11 ; 39 ; 2.529689
11 ; 40 ; 1.320940
11 ; 41 ; 1.169095
11 ; 42 ; 0.436790
11 ; 43 ; 0.114911
11 ; 44 ; 0.056661
11 ; 45 ; 1.264042
11 ; 46 ; 0.127104
11 ; 47 ; 1.339755
11 ; 48 ; 3.275117
11 ; 49 ; 2.202120
11 ; 50 ; 0.339639
11 ; 51 ; 0.121575
11 ; 52 ; 0.477078
11 ; 53 ; 0.541882
11 ; 54 ; 0.105167
11 ; 55 ; 0.304268
11 ; 56 ; 0.364329
11 ; 57 ; 2.173014
11 ; 58 ; 0.475506
11 ; 59 ; 0.131967
11 ; 60 ; 2.866697
11 ; 61 ; 1.066213
11 ; 62 ; 0.684911
11 ; 63 ; 0.071958
11 ; 64 ; 0.659272
11 ; 65 ; 0.095551
11 ; 66 ; 0.634159
11 ; 67 ; 2.236659
11 ; 68 ; 1.058356
11 ; 69 ; 0.018947
11 ; 70 ; 0.335618
11 ; 71 ; 5.752786
11 ; 72 ; 0.023655
11 ; 73 ; 2.097643
11 ; 74 ; 1.425094
11 ; 75 ; 0.792298
11 ; 76 ; 0.085994
11 ; 77 ; 1.129795
11 ; 78 ; 0.655856
11 ; 79 ; 0.544299
11 ; 80 ; 1.076280
11 ; 81 ; 0.591633
11 ; 82 ; 0.051796
11 ; 83 ; 0.496042
11 ; 84 ; 0.299234
11 ; 85 ; 0.597052
11 ; 86 ; 0.945775
11 ; 87 ; 0.076560
11 ; 88 ; 2.155738
11 ; 89 ; 0.071335
11 ; 90 ; 0.206483
11 ; 91 ; 0.355930
11 ; 92 ; 0.936623
11 ; 93 ; 0.110027
11 ; 94 ; 1.422053
11 ; 95 ; 1.021746
11 ; 96 ; 0.150384
11 ; 97 ; 1.127248
11 ; 98 ; 0.067181
11 ; 99 ; 0.095887
12 ; 0 ; 0.567875
12 ; 1 ; 3.078638
12 ; 2 ; 1.709060
12 ; 3 ; 1.698496
12 ; 4 ; 0.649700
12 ; 5 ; 1.303258
12 ; 6 ; 0.204421
12 ; 7 ; 3.518851
12 ; 8 ; 0.369925
12 ; 9 ; 0.254948
12 ; 10 ; 0.134653
12 ; 11 ; 1.023189
12 ; 12 ; 0.780439
12 ; 13 ; 0.881339
12 ; 14 ; 0.611348
12 ; 15 ; 1.019629
12 ; 16 ; 1.523429
12 ; 17 ; 0.804299
12 ; 18 ; 0.433442
12 ; 19 ; 7.261683
12 ; 20 ; 0.341741
12 ; 21 ; 0.124716
12 ; 22 ; 1.882788
12 ; 23 ; 0.138851
12 ; 24 ; 0.434713
12 ; 25 ; 0.102831
12 ; 26 ; 1.613168
12 ; 27 ; 1.806362
12 ; 28 ; 2.529689
12 ; 29 ; 1.320940
12 ; 30 ; 1.169095
12 ; 31 ; 0.436790
12 ; 32 ; 0.114911
12 ; 33 ; 0.056661
12 ; 34 ; 1.264042
12 ; 35 ; 0.127104
12 ; 36 ; 1.339755
12 ; 37 ; 3.275117
12 ; 38 ; 2.202120
12 ; 39 ; 0.339639
12 ; 40 ; 0.121575
12 ; 41 ; 0.477078
12 ; 42 ; 0.541882
12 ; 43 ; 0.105167
12 ; 44 ; 0.304268
12 ; 45 ; 0.364329
12 ; 46 ; 2.173014
12 ; 47 ; 0.475506
12 ; 48 ; 0.131967
12 ; 49 ; 2.866697
12 ; 50 ; 1.066213
12 ; 51 ; 0.684911
12 ; 52 ; 0.071958
12 ; 53 ; 0.659272
12 ; 54 ; 0.095551
12 ; 55 ; 0.634159
12 ; 56 ; 2.236659
12 ; 57 ; 1.058356
12 ; 58 ; 0.018947
12 ; 59 ; 0.335618
12 ; 60 ; 5.752786
12 ; 61 ; 0.023655
12 ; 62 ; 2.097643
12 ; 63 ; 1.425094
12 ; 64 ; 0.792298
12 ; 65 ; 0.085994
12 ; 66 ; 1.129795
12 ; 67 ; 0.655856
12 ; 68 ; 0.544299
12 ; 69 ; 1.076280
12 ; 70 ; 0.591633
12 ; 71 ; 0.051796
12 ; 72 ; 0.496042
12 ; 73 ; 0.299234
12 ; 74 ; 0.597052
12 ; 75 ; 0.945775
12 ; 76 ; 0.076560
12 ; 77 ; 2.155738
12 ; 78 ; 0.071335
12 ; 79 ; 0.206483
12 ; 80 ; 0.355930
12 ; 81 ; 0.936623
12 ; 82 ; 0.110027
12 ; 83 ; 1.422053
12 ; 84 ; 1.021746
12 ; 85 ; 0.150384
12 ; 86 ; 1.127248
12 ; 87 ; 0.067181
12 ; 88 ; 0.095887
12 ; 89 ; 1.069143
12 ; 90 ; 3.066117
12 ; 91 ; 2.810881
12 ; 92 ; 1.467610
12 ; 93 ; 0.171824
12 ; 94 ; 0.135176
12 ; 95 ; 0.021626
12 ; 96 ; 1.770054
12 ; 97 ; 1.349003
12 ; 98 ; 0.057922
12 ; 99 ; 0.354798
13 ; 0 ; 1.023189
13 ; 1 ; 0.780439
13 ; 2 ; 0.881339
13 ; 3 ; 0.611348
13 ; 4 ; 1.019629
13 ; 5 ; 1.523429
13 ; 6 ; 0.804299
13 ; 7 ; 0.433442
13 ; 8 ; 7.261683
13 ; 9 ; 0.341741
13 ; 10 ; 0.124716
13 ; 11 ; 1.882788
13 ; 12 ; 0.138851
13 ; 13 ; 0.434713
13 ; 14 ; 0.102831
13 ; 15 ; 1.613168
13 ; 16 ; 1.806362
13 ; 17 ; 2.529689
13 ; 18 ; 1.320940
13 ; 19 ; 1.169095
13 ; 20 ; 0.436790
13 ; 21 ; 0.114911
13 ; 22 ; 0.056661
13 ; 23 ; 1.264042
13 ; 24 ; 0.127104
13 ; 25 ; 1.339755
13 ; 26 ; 3.275117
13 ; 27 ; 2.202120
13 ; 28 ; 0.339639
13 ; 29 ; 0.121575
13 ; 30 ; 0.477078
13 ; 31 ; 0.541882
13 ; 32 ; 0.105167
13 ; 33 ; 0.304268
13 ; 34 ; 0.364329
13 ; 35 ; 2.173014
13 ; 36 ; 0.475506
13 ; 37 ; 0.131967
13 ; 38 ; 2.866697
13 ; 39 ; 1.066213
13 ; 40 ; 0.684911
13 ; 41 ; 0.071958
13 ; 42 ; 0.659272
13 ; 43 ; 0.095551
13 ; 44 ; 0.634159
13 ; 45 ; 2.236659
13 ; 46 ; 1.058356
13 ; 47 ; 0.018947
13 ; 48 ; 0.335618
13 ; 49 ; 5.752786
13 ; 50 ; 0.023655
13 ; 51 ; 2.097643
13 ; 52 ; 1.425094
13 ; 53 ; 0.792298
13 ; 54 ; 0.085994
13 ; 55 ; 1.129795
13 ; 56 ; 0.655856
13 ; 57 ; 0.544299
13 ; 58 ; 1.076280
13 ; 59 ; 0.591633
13 ; 60 ; 0.051796
13 ; 61 ; 0.496042
13 ; 62 ; 0.299234
13 ; 63 ; 0.597052
13 ; 64 ; 0.945775
13 ; 65 ; 0.076560
13 ; 66 ; 2.155738
13 ; 67 ; 0.071335
13 ; 68 ; 0.206483
13 ; 69 ; 0.355930
13 ; 70 ; 0.936623
13 ; 71 ; 0.110027
13 ; 72 ; 1.422053
13 ; 73 ; 1.021746
13 ; 74 ; 0.150384
13 ; 75 ; 1.127248
13 ; 76 ; 0.067181
13 ; 77 ; 0.095887
13 ; 78 ; 1.069143
13 ; 79 ; 3.066117
13 ; 80 ; 2.810881
13 ; 81 ; 1.467610
13 ; 82 ; 0.171824
13 ; 83 ; 0.135176
13 ; 84 ; 0.021626
13 ; 85 ; 1.770054
13 ; 86 ; 1.349003
13 ; 87 ; 0.057922
13 ; 88 ; 0.354798
13 ; 89 ; 0.280435
13 ; 90 ; 1.273594
13 ; 91 ; 0.867947
13 ; 92 ; 2.673615
13 ; 93 ; 0.237730
13 ; 94 ; 0.681526
13 ; 95 ; 0.515475
13 ; 96 ; 0.733407
13 ; 97 ; 1.634375
13 ; 98 ; 0.048715
13 ; 99 ; 0.705152
14 ; 0 ; 1.882788
14 ; 1 ; 0.138851
14 ; 2 ; 0.434713
14 ; 3 ; 0.102831
14 ; 4 ; 1.613168
14 ; 5 ; 1.806362
14 ; 6 ; 2.529689
14 ; 7 ; 1.320940
14 ; 8 ; 1.169095
14 ; 9 ; 0.436790
14 ; 10 ; 0.114911
14 ; 11 ; 0.056661
14 ; 12 ; 1.264042
14 ; 13 ; 0.127104
14 ; 14 ; 1.339755
14 ; 15 ; 3.275117
14 ; 16 ; 2.202120
14 ; 17 ; 0.339639
14 ; 18 ; 0.121575
14 ; 19 ; 0.477078
14 ; 20 ; 0.541882
14 ; 21 ; 0.105167
14 ; 22 ; 0.304268
14 ; 23 ; 0.364329
14 ; 24 ; 2.173014
14 ; 25 ; 0.475506
14 ; 26 ; 0.131967
14 ; 27 ; 2.866697
14 ; 28 ; 1.066213
14 ; 29 ; 0.684911
14 ; 30 ; 0.071958
14 ; 31 ; 0.659272
14 ; 32 ; 0.095551
14 ; 33 ; 0.634159
14 ; 34 ; 2.236659
14 ; 35 ; 1.058356
14 ; 36 ; 0.018947
14 ; 37 ; 0.335618
14 ; 38 ; 5.752786
14 ; 39 ; 0.023655
14 ; 40 ; 2.097643
14 ; 41 ; 1.425094
14 ; 42 ; 0.792298
14 ; 43 ; 0.085994
14 ; 44 ; 1.129795
14 ; 45 ; 0.655856
14 ; 46 ; 0.544299
14 ; 47 ; 1.076280
14 ; 48 ; 0.591633
14 ; 49 ; 0.051796
14 ; 50 ; 0.496042
14 ; 51 ; 0.299234
14 ; 52 ; 0.597052
14 ; 53 ; 0.945775
14 ; 54 ; 0.076560
14 ; 55 ; 2.155738
14 ; 56 ; 0.071335
14 ; 57 ; 0.206483
14 ; 58 ; 0.355930
14 ; 59 ; 0.936623
14 ; 60 ; 0.110027
14 ; 61 ; 1.422053
14 ; 62 ; 1.021746
14 ; 63 ; 0.150384
14 ; 64 ; 1.127248
14 ; 65 ; 0.067181
14 ; 66 ; 0.095887
14 ; 67 ; 1.069143
14 ; 68 ; 3.066117
14 ; 69 ; 2.810881
14 ; 70 ; 1.467610
14 ; 71 ; 0.171824
14 ; 72 ; 0.135176
14 ; 73 ; 0.021626
14 ; 74 ; 1.770054
14 ; 75 ; 1.349003
14 ; 76 ; 0.057922
14 ; 77 ; 0.354798
14 ; 78 ; 0.280435
14 ; 79 ; 1.273594
14 ; 80 ; 0.867947
14 ; 81 ; 2.673615
14 ; 82 ; 0.237730
14 ; 83 ; 0.681526
14 ; 84 ; 0.515475
14 ; 85 ; 0.733407
14 ; 86 ; 1.634375
14 ; 87 ; 0.048715
14 ; 88 ; 0.705152
14 ; 89 ; 1.786129
14 ; 90 ; 0.667448
14 ; 91 ; 0.249098
14 ; 92 ; 0.096996
14 ; 93 ; 0.308248
14 ; 94 ; 1.979583
14 ; 95 ; 1.533279
14 ; 96 ; 0.235449
14 ; 97 ; 2.035235
14 ; 98 ; 0.039625
14 ; 99 ; 1.249138
15 ; 0 ; 0.056661
15 ; 1 ; 1.264042
15 ; 2 ; 0.127104
15 ; 3 ; 1.339755
15 ; 4 ; 3.275117
15 ; 5 ; 2.202120
15 ; 6 ; 0.339639
15 ; 7 ; 0.121575
15 ; 8 ; 0.477078
15 ; 9 ; 0.541882
15 ; 10 ; 0.105167
15 ; 11 ; 0.304268
15 ; 12 ; 0.364329
15 ; 13 ; 2.173014
15 ; 14 ; 0.475506
15 ; 15 ; 0.131967
15 ; 16 ; 2.866697
15 ; 17 ; 1.066213
15 ; 18 ; 0.684911
15 ; 19 ; 0.071958
15 ; 20 ; 0.659272
15 ; 21 ; 0.095551
15 ; 22 ; 0.634159
15 ; 23 ; 2.236659
15 ; 24 ; 1.058356
15 ; 25 ; 0.018947
15 ; 26 ; 0.335618
15 ; 27 ; 5.752786
15 ; 28 ; 0.023655
15 ; 29 ; 2.097643
15 ; 30 ; 1.425094
15 ; 31 ; 0.792298
15 ; 32 ; 0.085994
15 ; 33 ; 1.129795
15 ; 34 ; 0.655856
15 ; 35 ; 0.544299
15 ; 36 ; 1.076280
15 ; 37 ; 0.591633
15 ; 38 ; 0.051796
15 ; 39 ; 0.496042
15 ; 40 ; 0.299234
15 ; 41 ; 0.597052
15 ; 42 ; 0.945775
15 ; 43 ; 0.076560
15 ; 44 ; 2.155738
15 ; 45 ; 0.071335
15 ; 46 ; 0.206483
15 ; 47 ; 0.355930
15 ; 48 ; 0.936623
15 ; 49 ; 0.110027
15 ; 50 ; 1.422053
15 ; 51 ; 1.021746
15 ; 52 ; 0.150384
15 ; 53 ; 1.127248
15 ; 54 ; 0.067181
15 ; 55 ; 0.095887
15 ; 56 ; 1.069143
15 ; 57 ; 3.066117
15 ; 58 ; 2.810881
15 ; 59 ; 1.467610
15 ; 60 ; 0.171824
15 ; 61 ; 0.135176
15 ; 62 ; 0.021626
15 ; 63 ; 1.770054
15 ; 64 ; 1.349003
15 ; 65 ; 0.057922
15 ; 66 ; 0.354798
15 ; 67 ; 0.280435
15 ; 68 ; 1.273594
15 ; 69 ; 0.867947
15 ; 70 ; 2.673615
15 ; 71 ; 0.237730
15 ; 72 ; 0.681526
15 ; 73 ; 0.515475
15 ; 74 ; 0.733407
15 ; 75 ; 1.634375
15 ; 76 ; 0.048715
15 ; 77 ; 0.705152
15 ; 78 ; 1.786129
15 ; 79 ; 0.667448
15 ; 80 ; 0.249098
15 ; 81 ; 0.096996
15 ; 82 ; 0.308248
15 ; 83 ; 1.979583
15 ; 84 ; 1.533279
15 ; 85 ; 0.235449
15 ; 86 ; 2.035235
15 ; 87 ; 0.039625
15 ; 88 ; 1.249138
15 ; 89 ; 0.545088
15 ; 90 ; 0.292710
15 ; 91 ; 1.972319
15 ; 92 ; 0.292914
15 ; 93 ; 0.384163
15 ; 94 ; 0.260754
15 ; 95 ; 0.180961
15 ; 96 ; 2.301274
15 ; 97 ; 2.715156
15 ; 98 ; 0.030585
15 ; 99 ; 2.532373
16 ; 0 ; 0.304268
16 ; 1 ; 0.364329
16 ; 2 ; 2.173014
16 ; 3 ; 0.475506
16 ; 4 ; 0.131967
16 ; 5 ; 2.866697
16 ; 6 ; 1.066213
16 ; 7 ; 0.684911
16 ; 8 ; 0.071958
16 ; 9 ; 0.659272
16 ; 10 ; 0.095551
16 ; 11 ; 0.634159
16 ; 12 ; 2.236659
16 ; 13 ; 1.058356
16 ; 14 ; 0.018947
16 ; 15 ; 0.335618
16 ; 16 ; 5.752786
16 ; 17 ; 0.023655
16 ; 18 ; 2.097643
16 ; 19 ; 1.425094
16 ; 20 ; 0.792298
16 ; 21 ; 0.085994
16 ; 22 ; 1.129795
16 ; 23 ; 0.655856
16 ; 24 ; 0.544299
16 ; 25 ; 1.076280
16 ; 26 ; 0.591633
16 ; 27 ; 0.051796
16 ; 28 ; 0.496042
16 ; 29 ; 0.299234
16 ; 30 ; 0.597052
16 ; 31 ; 0.945775
16 ; 32 ; 0.076560
16 ; 33 ; 2.155738
16 ; 34 ; 0.071335
16 ; 35 ; 0.206483
16 ; 36 ; 0.355930
16 ; 37 ; 0.936623
16 ; 38 ; 0.110027
16 ; 39 ; 1.422053
16 ; 40 ; 1.021746
16 ; 41 ; 0.150384
16 ; 42 ; 1.127248
16 ; 43 ; 0.067181
16 ; 44 ; 0.095887
16 ; 45 ; 1.069143
16 ; 46 ; 3.066117
16 ; 47 ; 2.810881
16 ; 48 ; 1.467610
16 ; 49 ; 0.171824
16 ; 50 ; 0.135176
16 ; 51 ; 0.021626
16 ; 52 ; 1.770054
16 ; 53 ; 1.349003
16 ; 54 ; 0.057922
16 ; 55 ; 0.354798
16 ; 56 ; 0.280435
16 ; 57 ; 1.273594
16 ; 58 ; 0.867947
16 ; 59 ; 2.673615
16 ; 60 ; 0.237730
16 ; 61 ; 0.681526
16 ; 62 ; 0.515475
16 ; 63 ; 0.733407
16 ; 64 ; 1.634375
16 ; 65 ; 0.048715
16 ; 66 ; 0.705152
16 ; 67 ; 1.786129
16 ; 68 ; 0.667448
16 ; 69 ; 0.249098
16 ; 70 ; 0.096996
16 ; 71 ; 0.308248
16 ; 72 ; 1.979583
16 ; 73 ; 1.533279
16 ; 74 ; 0.235449
16 ; 75 ; 2.035235
16 ; 76 ; 0.039625
16 ; 77 ; 1.249138
16 ; 78 ; 0.545088
16 ; 79 ; 0.292710
16 ; 80 ; 1.972319
16 ; 81 ; 0.292914
16 ; 82 ; 0.384163
16 ; 83 ; 0.260754
16 ; 84 ; 0.180961
16 ; 85 ; 2.301274
16 ; 86 ; 2.715156
16 ; 87 ; 0.030585
16 ; 88 ; 2.532373
16 ; 89 ; 0.008090
16 ; 90 ; 0.020784
16 ; 91 ; 0.695561
16 ; 92 ; 0.536806
16 ; 93 ; 0.466269
16 ; 94 ; 0.909432
16 ; 95 ; 0.791691
16 ; 96 ; 0.891335
16 ; 97 ; 6.336734
16 ; 98 ; 0.021657
16 ; 99 ; 0.136680
17 ; 0 ; 0.634159
17 ; 1 ; 2.236659
17 ; 2 ; 1.058356
17 ; 3 ; 0.018947
17 ; 4 ; 0.335618
17 ; 5 ; 5.752786
17 ; 6 ; 0.023655
17 ; 7 ; 2.097643
17 ; 8 ; 1.425094
17 ; 9 ; 0.792298
17 ; 10 ; 0.085994
17 ; 11 ; 1.129795
17 ; 12 ; 0.655856
17 ; 13 ; 0.544299
17 ; 14 ; 1.076280
17 ; 15 ; 0.591633
17 ; 16 ; 0.051796
17 ; 17 ; 0.496042
17 ; 18 ; 0.299234
17 ; 19 ; 0.597052
17 ; 20 ; 0.945775
17 ; 21 ; 0.076560
17 ; 22 ; 2.155738
17 ; 23 ; 0.071335
17 ; 24 ; 0.206483
17 ; 25 ; 0.355930
17 ; 26 ; 0.936623
17 ; 27 ; 0.110027
17 ; 28 ; 1.422053
17 ; 29 ; 1.021746
17 ; 30 ; 0.150384
17 ; 31 ; 1.127248
17 ; 32 ; 0.067181
17 ; 33 ; 0.095887
17 ; 34 ; 1.069143
17 ; 35 ; 3.066117
17 ; 36 ; 2.810881
17 ; 37 ; 1.467610
17 ; 38 ; 0.171824
17 ; 39 ; 0.135176
17 ; 40 ; 0.021626
17 ; 41 ; 1.770054
17 ; 42 ; 1.349003
17 ; 43 ; 0.057922
17 ; 44 ; 0.354798
17 ; 45 ; 0.280435
17 ; 46 ; 1.273594
17 ; 47 ; 0.867947
17 ; 48 ; 2.673615
17 ; 49 ; 0.237730
17 ; 50 ; 0.681526
17 ; 51 ; 0.515475
17 ; 52 ; 0.733407
17 ; 53 ; 1.634375
17 ; 54 ; 0.048715
17 ; 55 ; 0.705152
17 ; 56 ; 1.786129
17 ; 57 ; 0.667448
17 ; 58 ; 0.249098
17 ; 59 ; 0.096996
17 ; 60 ; 0.308248
17 ; 61 ; 1.979583
17 ; 62 ; 1.533279
17 ; 63 ; 0.235449
17 ; 64 ; 2.035235
17 ; 65 ; 0.039625
17 ; 66 ; 1.249138
17 ; 67 ; 0.545088
17 ; 68 ; 0.292710
17 ; 69 ; 1.972319
17 ; 70 ; 0.292914
17 ; 71 ; 0.384163
17 ; 72 ; 0.260754
17 ; 73 ; 0.180961
17 ; 74 ; 2.301274
17 ; 75 ; 2.715156
17 ; 76 ; 0.030585
17 ; 77 ; 2.532373
17 ; 78 ; 0.008090
17 ; 79 ; 0.020784
17 ; 80 ; 0.695561
17 ; 81 ; 0.536806
17 ; 82 ; 0.466269
17 ; 83 ; 0.909432
17 ; 84 ; 0.791691
17 ; 85 ; 0.891335
17 ; 86 ; 6.336734
17 ; 87 ; 0.021657
17 ; 88 ; 0.136680
17 ; 89 ; 0.906104
17 ; 90 ; 1.548237
17 ; 91 ; 0.152621
17 ; 92 ; 0.860054
17 ; 93 ; 0.555778
17 ; 94 ; 3.350530
17 ; 95 ; 2.635432
17 ; 96 ; 0.328429
17 ; 97 ; 0.064671
17 ; 98 ; 0.012777
17 ; 99 ; 0.408017
18 ; 0 ; 1.129795
18 ; 1 ; 0.655856
18 ; 2 ; 0.544299
18 ; 3 ; 1.076280
18 ; 4 ; 0.591633
18 ; 5 ; 0.051796
18 ; 6 ; 0.496042
18 ; 7 ; 0.299234
18 ; 8 ; 0.597052
18 ; 9 ; 0.945775
18 ; 10 ; 0.076560
18 ; 11 ; 2.155738
18 ; 12 ; 0.071335
18 ; 13 ; 0.206483
18 ; 14 ; 0.355930
18 ; 15 ; 0.936623
18 ; 16 ; 0.110027
18 ; 17 ; 1.422053
18 ; 18 ; 1.021746
18 ; 19 ; 0.150384
18 ; 20 ; 1.127248
18 ; 21 ; 0.067181
18 ; 22 ; 0.095887
18 ; 23 ; 1.069143
18 ; 24 ; 3.066117
18 ; 25 ; 2.810881
18 ; 26 ; 1.467610
18 ; 27 ; 0.171824
18 ; 28 ; 0.135176
18 ; 29 ; 0.021626
18 ; 30 ; 1.770054
18 ; 31 ; 1.349003
18 ; 32 ; 0.057922
18 ; 33 ; 0.354798
18 ; 34 ; 0.280435
18 ; 35 ; 1.273594
18 ; 36 ; 0.867947
18 ; 37 ; 2.673615
18 ; 38 ; 0.237730
18 ; 39 ; 0.681526
18 ; 40 ; 0.515475
18 ; 41 ; 0.733407
18 ; 42 ; 1.634375
18 ; 43 ; 0.048715
18 ; 44 ; 0.705152
18 ; 45 ; 1.786129
18 ; 46 ; 0.667448
18 ; 47 ; 0.249098
18 ; 48 ; 0.096996
18 ; 49 ; 0.308248
18 ; 50 ; 1.979583
18 ; 51 ; 1.533279
18 ; 52 ; 0.235449
18 ; 53 ; 2.035235
18 ; 54 ; 0.039625
18 ; 55 ; 1.249138
18 ; 56 ; 0.545088
18 ; 57 ; 0.292710
18 ; 58 ; 1.972319
18 ; 59 ; 0.292914
18 ; 60 ; 0.384163
18 ; 61 ; 0.260754
18 ; 62 ; 0.180961
18 ; 63 ; 2.301274
18 ; 64 ; 2.715156
18 ; 65 ; 0.030585
18 ; 66 ; 2.532373
18 ; 67 ; 0.008090
18 ; 68 ; 0.020784
18 ; 69 ; 0.695561
18 ; 70 ; 0.536806
18 ; 71 ; 0.466269
18 ; 72 ; 0.909432
18 ; 73 ; 0.791691
18 ; 74 ; 0.891335
18 ; 75 ; 6.336734
18 ; 76 ; 0.021657
18 ; 77 ; 0.136680
18 ; 78 ; 0.906104
18 ; 79 ; 1.548237
18 ; 80 ; 0.152621
18 ; 81 ; 0.860054
18 ; 82 ; 0.555778
18 ; 83 ; 3.350530
18 ; 84 ; 2.635432
18 ; 85 ; 0.328429
18 ; 86 ; 0.064671
18 ; 87 ; 0.012777
18 ; 88 ; 0.408017
18 ; 89 ; 0.203037
18 ; 90 ; 0.807853
18 ; 91 ; 1.522869
18 ; 92 ; 1.340688
18 ; 93 ; 0.654034
18 ; 94 ; 0.404398
18 ; 95 ; 0.370587
18 ; 96 ; 3.507586
18 ; 97 ; 0.135910
18 ; 98 ; 0.003975
18 ; 99 ; 0.781572
19 ; 0 ; 2.155738
19 ; 1 ; 0.071335
19 ; 2 ; 0.206483
19 ; 3 ; 0.355930
19 ; 4 ; 0.936623
19 ; 5 ; 0.110027
19 ; 6 ; 1.422053
19 ; 7 ; 1.021746
19 ; 8 ; 0.150384
19 ; 9 ; 1.127248
19 ; 10 ; 0.067181
19 ; 11 ; 0.095887
19 ; 12 ; 1.069143
19 ; 13 ; 3.066117
19 ; 14 ; 2.810881
19 ; 15 ; 1.467610
19 ; 16 ; 0.171824
19 ; 17 ; 0.135176
19 ; 18 ; 0.021626
19 ; 19 ; 1.770054
19 ; 20 ; 1.349003
19 ; 21 ; 0.057922
19 ; 22 ; 0.354798
19 ; 23 ; 0.280435
19 ; 24 ; 1.273594
19 ; 25 ; 0.867947
19 ; 26 ; 2.673615
19 ; 27 ; 0.237730
19 ; 28 ; 0.681526
19 ; 29 ; 0.515475
19 ; 30 ; 0.733407
19 ; 31 ; 1.634375
19 ; 32 ; 0.048715
19 ; 33 ; 0.705152
19 ; 34 ; 1.786129
19 ; 35 ; 0.667448
19 ; 36 ; 0.249098
19 ; 37 ; 0.096996
19 ; 38 ; 0.308248
19 ; 39 ; 1.979583
19 ; 40 ; 1.533279
19 ; 41 ; 0.235449
19 ; 42 ; 2.035235
19 ; 43 ; 0.039625
19 ; 44 ; 1.249138
19 ; 45 ; 0.545088
19 ; 46 ; 0.292710
19 ; 47 ; 1.972319
19 ; 48 ; 0.292914
19 ; 49 ; 0.384163
19 ; 50 ; 0.260754
19 ; 51 ; 0.180961
19 ; 52 ; 2.301274
19 ; 53 ; 2.715156
19 ; 54 ; 0.030585
19 ; 55 ; 2.532373
19 ; 56 ; 0.008090
19 ; 57 ; 0.020784
19 ; 58 ; 0.695561
19 ; 59 ; 0.536806
19 ; 60 ; 0.466269
19 ; 61 ; 0.909432
19 ; 62 ; 0.791691
19 ; 63 ; 0.891335
19 ; 64 ; 6.336734
19 ; 65 ; 0.021657
19 ; 66 ; 0.136680
19 ; 67 ; 0.906104
19 ; 68 ; 1.548237
19 ; 69 ; 0.152621
19 ; 70 ; 0.860054
19 ; 71 ; 0.555778
19 ; 72 ; 3.350530
19 ; 73 ; 2.635432
19 ; 74 ; 0.328429
19 ; 75 ; 0.064671
19 ; 76 ; 0.012777
19 ; 77 ; 0.408017
19 ; 78 ; 0.203037
19 ; 79 ; 0.807853
19 ; 80 ; 1.522869
19 ; 81 ; 1.340688
19 ; 82 ; 0.654034
19 ; 83 ; 0.404398
19 ; 84 ; 0.370587
19 ; 85 ; 3.507586
19 ; 86 ; 0.135910
19 ; 87 ; 0.003975
19 ; 88 ; 0.781572
19 ; 89 ; 1.476655
19 ; 90 ; 0.387125
19 ; 91 ; 0.548621
19 ; 92 ; 2.300664
19 ; 93 ; 0.763074
19 ; 94 ; 1.205103
19 ; 95 ; 1.174711
19 ; 96 ; 1.079059
19 ; 97 ; 0.212579
19 ; 98 ; 5.360226
19 ; 99 ; 1.384678
20 ; 0 ; 0.095887
20 ; 1 ; 1.069143
20 ; 2 ; 3.066117
20 ; 3 ; 2.810881
20 ; 4 ; 1.467610
20 ; 5 ; 0.171824
20 ; 6 ; 0.135176
20 ; 7 ; 0.021626
20 ; 8 ; 1.770054
20 ; 9 ; 1.349003
20 ; 10 ; 0.057922
20 ; 11 ; 0.354798
20 ; 12 ; 0.280435
20 ; 13 ; 1.273594
20 ; 14 ; 0.867947
20 ; 15 ; 2.673615
20 ; 16 ; 0.237730
20 ; 17 ; 0.681526
20 ; 18 ; 0.515475
20 ; 19 ; 0.733407
20 ; 20 ; 1.634375
20 ; 21 ; 0.048715
20 ; 22 ; 0.705152
20 ; 23 ; 1.786129
20 ; 24 ; 0.667448
20 ; 25 ; 0.249098
20 ; 26 ; 0.096996
20 ; 27 ; 0.308248
20 ; 28 ; 1.979583
20 ; 29 ; 1.533279
20 ; 30 ; 0.235449
20 ; 31 ; 2.035235
20 ; 32 ; 0.039625
20 ; 33 ; 1.249138
20 ; 34 ; 0.545088
20 ; 35 ; 0.292710
20 ; 36 ; 1.972319
20 ; 37 ; 0.292914
20 ; 38 ; 0.384163
20 ; 39 ; 0.260754
20 ; 40 ; 0.180961
20 ; 41 ; 2.301274
20 ; 42 ; 2.715156
20 ; 43 ; 0.030585
20 ; 44 ; 2.532373
20 ; 45 ; 0.008090
20 ; 46 ; 0.020784
20 ; 47 ; 0.695561
20 ; 48 ; 0.536806
20 ; 49 ; 0.466269
20 ; 50 ; 0.909432
20 ; 51 ; 0.791691
20 ; 52 ; 0.891335
20 ; 53 ; 6.336734
20 ; 54 ; 0.021657
20 ; 55 ; 0.136680
20 ; 56 ; 0.906104
20 ; 57 ; 1.548237
20 ; 58 ; 0.152621
20 ; 59 ; 0.860054
20 ; 60 ; 0.555778
20 ; 61 ; 3.350530
20 ; 62 ; 2.635432
20 ; 63 ; 0.328429
20 ; 64 ; 0.064671
20 ; 65 ; 0.012777
20 ; 66 ; 0.408017
20 ; 67 ; 0.203037
20 ; 68 ; 0.807853
20 ; 69 ; 1.522869
20 ; 70 ; 1.340688
20 ; 71 ; 0.654034
20 ; 72 ; 0.404398
20 ; 73 ; 0.370587
20 ; 74 ; 3.507586
20 ; 75 ; 0.135910
20 ; 76 ; 0.003975
20 ; 77 ; 0.781572
20 ; 78 ; 1.476655
20 ; 79 ; 0.387125
20 ; 80 ; 0.548621
20 ; 81 ; 2.300664
20 ; 82 ; 0.763074
20 ; 83 ; 1.205103
20 ; 84 ; 1.174711
20 ; 85 ; 1.079059
20 ; 86 ; 0.212579
20 ; 87 ; 5.360226
20 ; 88 ; 1.384678
20 ; 89 ; 0.445376
20 ; 90 ; 0.091864
20 ; 91 ; 0.064638
20 ; 92 ; 0.063207
20 ; 93 ; 0.885400
20 ; 94 ; 0.070417
20 ; 95 ; 0.075210
20 ; 96 ; 0.430997
20 ; 97 ; 0.295618
20 ; 98 ; 4.310402
20 ; 99 ; 3.142999
21 ; 0 ; 0.354798
21 ; 1 ; 0.280435
21 ; 2 ; 1.273594
21 ; 3 ; 0.867947
21 ; 4 ; 2.673615
21 ; 5 ; 0.237730
21 ; 6 ; 0.681526
21 ; 7 ; 0.515475
21 ; 8 ; 0.733407
21 ; 9 ; 1.634375
21 ; 10 ; 0.048715
21 ; 11 ; 0.705152
21 ; 12 ; 1.786129
21 ; 13 ; 0.667448
21 ; 14 ; 0.249098
21 ; 15 ; 0.096996
21 ; 16 ; 0.308248
21 ; 17 ; 1.979583
21 ; 18 ; 1.533279
21 ; 19 ; 0.235449
21 ; 20 ; 2.035235
21 ; 21 ; 0.039625
21 ; 22 ; 1.249138
21 ; 23 ; 0.545088
21 ; 24 ; 0.292710
21 ; 25 ; 1.972319
21 ; 26 ; 0.292914
21 ; 27 ; 0.384163
21 ; 28 ; 0.260754
21 ; 29 ; 0.180961
21 ; 30 ; 2.301274
21 ; 31 ; 2.715156
21 ; 32 ; 0.030585
21 ; 33 ; 2.532373
21 ; 34 ; 0.008090
21 ; 35 ; 0.020784
21 ; 36 ; 0.695561
21 ; 37 ; 0.536806
21 ; 38 ; 0.466269
21 ; 39 ; 0.909432
21 ; 40 ; 0.791691
21 ; 41 ; 0.891335
21 ; 42 ; 6.336734
21 ; 43 ; 0.021657
21 ; 44 ; 0.136680
21 ; 45 ; 0.906104
21 ; 46 ; 1.548237
21 ; 47 ; 0.152621
21 ; 48 ; 0.860054
21 ; 49 ; 0.555778
21 ; 50 ; 3.350530
21 ; 51 ; 2.635432
21 ; 52 ; 0.328429
21 ; 53 ; 0.064671
21 ; 54 ; 0.012777
21 ; 55 ; 0.408017
21 ; 56 ; 0.203037
21 ; 57 ; 0.807853
21 ; 58 ; 1.522869
21 ; 59 ; 1.340688
21 ; 60 ; 0.654034
21 ; 61 ; 0.404398
21 ; 62 ; 0.370587
21 ; 63 ; 3.507586
21 ; 64 ; 0.135910
21 ; 65 ; 0.003975
21 ; 66 ; 0.781572
21 ; 67 ; 1.476655
21 ; 68 ; 0.387125
21 ; 69 ; 0.548621
21 ; 70 ; 2.300664
21 ; 71 ; 0.763074
21 ; 72 ; 1.205103
21 ; 73 ; 1.174711
21 ; 74 ; 1.079059
21 ; 75 ; 0.212579
21 ; 76 ; 5.360226
21 ; 77 ; 1.384678
21 ; 78 ; 0.445376
21 ; 79 ; 0.091864
21 ; 80 ; 0.064638
21 ; 81 ; 0.063207
21 ; 82 ; 0.885400
21 ; 83 ; 0.070417
21 ; 84 ; 0.075210
21 ; 85 ; 0.430997
21 ; 86 ; 0.295618
21 ; 87 ; 4.310402
21 ; 88 ; 3.142999
21 ; 89 ; 2.943036
21 ; 90 ; 1.928334
21 ; 91 ; 1.213900
21 ; 92 ; 0.251960
21 ; 93 ; 1.024888
21 ; 94 ; 0.572192
21 ; 95 ; 0.604845
21 ; 96 ; 0.040991
21 ; 97 ; 0.386181
21 ; 98 ; 3.811006
21 ; 99 ; 0.179244
22 ; 0 ; 0.705152
22 ; 1 ; 1.786129
22 ; 2 ; 0.667448
22 ; 3 ; 0.249098
22 ; 4 ; 0.096996
22 ; 5 ; 0.308248
22 ; 6 ; 1.979583
22 ; 7 ; 1.533279
22 ; 8 ; 0.235449
22 ; 9 ; 2.035235
22 ; 10 ; 0.039625
22 ; 11 ; 1.249138
22 ; 12 ; 0.545088
22 ; 13 ; 0.292710
22 ; 14 ; 1.972319
22 ; 15 ; 0.292914
22 ; 16 ; 0.384163
22 ; 17 ; 0.260754
22 ; 18 ; 0.180961
22 ; 19 ; 2.301274
22 ; 20 ; 2.715156
22 ; 21 ; 0.030585
22 ; 22 ; 2.532373
22 ; 23 ; 0.008090
22 ; 24 ; 0.020784
22 ; 25 ; 0.695561
22 ; 26 ; 0.536806
22 ; 27 ; 0.466269
22 ; 28 ; 0.909432
22 ; 29 ; 0.791691
22 ; 30 ; 0.891335
22 ; 31 ; 6.336734
22 ; 32 ; 0.021657
22 ; 33 ; 0.136680
22 ; 34 ; 0.906104
22 ; 35 ; 1.548237
22 ; 36 ; 0.152621
22 ; 37 ; 0.860054
22 ; 38 ; 0.555778
22 ; 39 ; 3.350530
22 ; 40 ; 2.635432
22 ; 41 ; 0.328429
22 ; 42 ; 0.064671
22 ; 43 ; 0.012777
22 ; 44 ; 0.408017
22 ; 45 ; 0.203037
22 ; 46 ; 0.807853
22 ; 47 ; 1.522869
22 ; 48 ; 1.340688
22 ; 49 ; 0.654034
22 ; 50 ; 0.404398
22 ; 51 ; 0.370587
22 ; 52 ; 3.507586
22 ; 53 ; 0.135910
22 ; 54 ; 0.003975
22 ; 55 ; 0.781572
22 ; 56 ; 1.476655
22 ; 57 ; 0.387125
22 ; 58 ; 0.548621
22 ; 59 ; 2.300664
22 ; 60 ; 0.763074
22 ; 61 ; 1.205103
22 ; 62 ; 1.174711
22 ; 63 ; 1.079059
22 ; 64 ; 0.212579
22 ; 65 ; 5.360226
22 ; 66 ; 1.384678
22 ; 67 ; 0.445376
22 ; 68 ; 0.091864
22 ; 69 ; 0.064638
22 ; 70 ; 0.063207
22 ; 71 ; 0.885400
22 ; 72 ; 0.070417
22 ; 73 ; 0.075210
22 ; 74 ; 0.430997
22 ; 75 ; 0.295618
22 ; 76 ; 4.310402
22 ; 77 ; 3.142999
22 ; 78 ; 2.943036
22 ; 79 ; 1.928334
22 ; 80 ; 1.213900
22 ; 81 ; 0.251960
22 ; 82 ; 1.024888
22 ; 83 ; 0.572192
22 ; 84 ; 0.604845
22 ; 85 ; 0.040991
22 ; 86 ; 0.386181
22 ; 87 ; 3.811006
22 ; 88 ; 0.179244
22 ; 89 ; 0.765958
22 ; 90 ; 0.971242
22 ; 91 ; 0.420532
22 ; 92 ; 0.484829
22 ; 93 ; 1.186937
22 ; 94 ; 1.626583
22 ; 95 ; 1.803208
22 ; 96 ; 1.310248
22 ; 97 ; 0.485821
22 ; 98 ; 3.478483
22 ; 99 ; 0.464228
23 ; 0 ; 1.249138
23 ; 1 ; 0.545088
23 ; 2 ; 0.292710
23 ; 3 ; 1.972319
23 ; 4 ; 0.292914
23 ; 5 ; 0.384163
23 ; 6 ; 0.260754
23 ; 7 ; 0.180961
23 ; 8 ; 2.301274
23 ; 9 ; 2.715156
23 ; 10 ; 0.030585
23 ; 11 ; 2.532373
23 ; 12 ; 0.008090
23 ; 13 ; 0.020784
23 ; 14 ; 0.695561
23 ; 15 ; 0.536806
23 ; 16 ; 0.466269
23 ; 17 ; 0.909432
23 ; 18 ; 0.791691
23 ; 19 ; 0.891335
23 ; 20 ; 6.336734
23 ; 21 ; 0.021657
23 ; 22 ; 0.136680
23 ; 23 ; 0.906104
23 ; 24 ; 1.548237
23 ; 25 ; 0.152621
23 ; 26 ; 0.860054
23 ; 27 ; 0.555778
23 ; 28 ; 3.350530
23 ; 29 ; 2.635432
23 ; 30 ; 0.328429
23 ; 31 ; 0.064671
23 ; 32 ; 0.012777
23 ; 33 ; 0.408017
23 ; 34 ; 0.203037
23 ; 35 ; 0.807853
23 ; 36 ; 1.522869
23 ; 37 ; 1.340688
23 ; 38 ; 0.654034
23 ; 39 ; 0.404398
23 ; 40 ; 0.370587
23 ; 41 ; 3.507586
23 ; 42 ; 0.135910
23 ; 43 ; 0.003975
23 ; 44 ; 0.781572
23 ; 45 ; 1.476655
23 ; 46 ; 0.387125
23 ; 47 ; 0.548621
23 ; 48 ; 2.300664
23 ; 49 ; 0.763074
23 ; 50 ; 1.205103
23 ; 51 ; 1.174711
23 ; 52 ; 1.079059
23 ; 53 ; 0.212579
23 ; 54 ; 5.360226
23 ; 55 ; 1.384678
23 ; 56 ; 0.445376
23 ; 57 ; 0.091864
23 ; 58 ; 0.064638
23 ; 59 ; 0.063207
23 ; 60 ; 0.885400
23 ; 61 ; 0.070417
23 ; 62 ; 0.075210
23 ; 63 ; 0.430997
23 ; 64 ; 0.295618
23 ; 65 ; 4.310402
23 ; 66 ; 3.142999
23 ; 67 ; 2.943036
23 ; 68 ; 1.928334
23 ; 69 ; 1.213900
23 ; 70 ; 0.251960
23 ; 71 ; 1.024888
23 ; 72 ; 0.572192
23 ; 73 ; 0.604845
23 ; 74 ; 0.040991
23 ; 75 ; 0.386181
23 ; 76 ; 3.811006
23 ; 77 ; 0.179244
23 ; 78 ; 0.765958
23 ; 79 ; 0.971242
23 ; 80 ; 0.420532
23 ; 81 ; 0.484829
23 ; 82 ; 1.186937
23 ; 83 ; 1.626583
23 ; 84 ; 1.803208
23 ; 85 ; 1.310248
23 ; 86 ; 0.485821
23 ; 87 ; 3.478483
23 ; 88 ; 0.464228
23 ; 89 ; 0.131202
23 ; 90 ; 0.491342
23 ; 91 ; 4.114911
23 ; 92 ; 0.788934
23 ; 93 ; 1.380422
23 ; 94 ; 0.187640
23 ; 95 ; 0.244099
23 ; 96 ; 0.545246
23 ; 97 ; 0.596442
23 ; 98 ; 3.230140
23 ; 99 ; 0.864319
24 ; 0 ; 2.532373
24 ; 1 ; 0.008090
24 ; 2 ; 0.020784
24 ; 3 ; 0.695561
24 ; 4 ; 0.536806
24 ; 5 ; 0.466269
24 ; 6 ; 0.909432
24 ; 7 ; 0.791691
24 ; 8 ; 0.891335
24 ; 9 ; 6.336734
24 ; 10 ; 0.021657
24 ; 11 ; 0.136680
24 ; 12 ; 0.906104
24 ; 13 ; 1.548237
24 ; 14 ; 0.152621
24 ; 15 ; 0.860054
24 ; 16 ; 0.555778
24 ; 17 ; 3.350530
24 ; 18 ; 2.635432
24 ; 19 ; 0.328429
24 ; 20 ; 0.064671
24 ; 21 ; 0.012777
24 ; 22 ; 0.408017
24 ; 23 ; 0.203037
24 ; 24 ; 0.807853
24 ; 25 ; 1.522869
24 ; 26 ; 1.340688
24 ; 27 ; 0.654034
24 ; 28 ; 0.404398
24 ; 29 ; 0.370587
24 ; 30 ; 3.507586
24 ; 31 ; 0.135910
24 ; 32 ; 0.003975
24 ; 33 ; 0.781572
24 ; 34 ; 1.476655
24 ; 35 ; 0.387125
24 ; 36 ; 0.548621
24 ; 37 ; 2.300664
24 ; 38 ; 0.763074
24 ; 39 ; 1.205103
24 ; 40 ; 1.174711
24 ; 41 ; 1.079059
24 ; 42 ; 0.212579
24 ; 43 ; 5.360226
24 ; 44 ; 1.384678
24 ; 45 ; 0.445376
24 ; 46 ; 0.091864
24 ; 47 ; 0.064638
24 ; 48 ; 0.063207
24 ; 49 ; 0.885400
24 ; 50 ; 0.070417
24 ; 51 ; 0.075210
24 ; 52 ; 0.430997
24 ; 53 ; 0.295618
24 ; 54 ; 4.310402
24 ; 55 ; 3.142999
24 ; 56 ; 2.943036
24 ; 57 ; 1.928334
24 ; 58 ; 1.213900
24 ; 59 ; 0.251960
24 ; 60 ; 1.024888
24 ; 61 ; 0.572192
24 ; 62 ; 0.604845
24 ; 63 ; 0.040991
24 ; 64 ; 0.386181
24 ; 65 ; 3.811006
24 ; 66 ; 0.179244
24 ; 67 ; 0.765958
24 ; 68 ; 0.971242
24 ; 69 ; 0.420532
24 ; 70 ; 0.484829
24 ; 71 ; 1.186937
24 ; 72 ; 1.626583
24 ; 73 ; 1.803208
24 ; 74 ; 1.310248
24 ; 75 ; 0.485821
24 ; 76 ; 3.478483
24 ; 77 ; 0.464228
24 ; 78 ; 0.131202
24 ; 79 ; 0.491342
24 ; 80 ; 4.114911
24 ; 81 ; 0.788934
24 ; 82 ; 1.380422
24 ; 83 ; 0.187640
24 ; 84 ; 0.244099
24 ; 85 ; 0.545246
24 ; 86 ; 0.596442
24 ; 87 ; 3.230140
24 ; 88 ; 0.864319
24 ; 89 ; 1.240660
24 ; 90 ; 0.168387
24 ; 91 ; 0.978198
24 ; 92 ; 1.228076
24 ; 93 ; 1.620701
24 ; 94 ; 0.773933
24 ; 95 ; 0.911253
24 ; 96 ; 0.116933
24 ; 97 ; 0.720841
24 ; 98 ; 3.030733
24 ; 99 ; 1.541514
25 ; 0 ; 0.136680
25 ; 1 ; 0.906104
25 ; 2 ; 1.548237
25 ; 3 ; 0.152621
25 ; 4 ; 0.860054
25 ; 5 ; 0.555778
25 ; 6 ; 3.350530
25 ; 7 ; 2.635432
25 ; 8 ; 0.328429
25 ; 9 ; 0.064671
25 ; 10 ; 0.012777
25 ; 11 ; 0.408017
25 ; 12 ; 0.203037
25 ; 13 ; 0.807853
25 ; 14 ; 1.522869
25 ; 15 ; 1.340688
25 ; 16 ; 0.654034
25 ; 17 ; 0.404398
25 ; 18 ; 0.370587
25 ; 19 ; 3.507586
25 ; 20 ; 0.135910
25 ; 21 ; 0.003975
25 ; 22 ; 0.781572
25 ; 23 ; 1.476655
25 ; 24 ; 0.387125
25 ; 25 ; 0.548621
25 ; 26 ; 2.300664
25 ; 27 ; 0.763074
25 ; 28 ; 1.205103
25 ; 29 ; 1.174711
25 ; 30 ; 1.079059
25 ; 31 ; 0.212579
25 ; 32 ; 5.360226
25 ; 33 ; 1.384678
25 ; 34 ; 0.445376
25 ; 35 ; 0.091864
25 ; 36 ; 0.064638
25 ; 37 ; 0.063207
25 ; 38 ; 0.885400
25 ; 39 ; 0.070417
25 ; 40 ; 0.075210
25 ; 41 ; 0.430997
25 ; 42 ; 0.295618
25 ; 43 ; 4.310402
25 ; 44 ; 3.142999
25 ; 45 ; 2.943036
25 ; 46 ; 1.928334
25 ; 47 ; 1.213900
25 ; 48 ; 0.251960
25 ; 49 ; 1.024888
25 ; 50 ; 0.572192
25 ; 51 ; 0.604845
25 ; 52 ; 0.040991
25 ; 53 ; 0.386181
25 ; 54 ; 3.811006
25 ; 55 ; 0.179244
25 ; 56 ; 0.765958
25 ; 57 ; 0.971242
25 ; 58 ; 0.420532
25 ; 59 ; 0.484829
25 ; 60 ; 1.186937
25 ; 61 ; 1.626583
25 ; 62 ; 1.803208
25 ; 63 ; 1.310248
25 ; 64 ; 0.485821
25 ; 65 ; 3.478483
25 ; 66 ; 0.464228
25 ; 67 ; 0.131202
25 ; 68 ; 0.491342
25 ; 69 ; 4.114911
25 ; 70 ; 0.788934
25 ; 71 ; 1.380422
25 ; 72 ; 0.187640
25 ; 73 ; 0.244099
25 ; 74 ; 0.545246
25 ; 75 ; 0.596442
25 ; 76 ; 3.230140
25 ; 77 ; 0.864319
25 ; 78 ; 1.240660
25 ; 79 ; 0.168387
25 ; 80 ; 0.978198
25 ; 81 ; 1.228076
25 ; 82 ; 1.620701
25 ; 83 ; 0.773933
25 ; 84 ; 0.911253
25 ; 85 ; 0.116933
25 ; 86 ; 0.720841
25 ; 87 ; 3.030733
25 ; 88 ; 1.541514
25 ; 89 ; 0.354711
25 ; 90 ; 2.548634
25 ; 91 ; 0.307003
25 ; 92 ; 2.029645
25 ; 93 ; 1.937401
25 ; 94 ; 2.369701
25 ; 95 ; 3.880984
25 ; 96 ; 1.611485
25 ; 97 ; 0.862943
25 ; 98 ; 2.865089
25 ; 99 ; 4.990005
26 ; 0 ; 0.408017
26 ; 1 ; 0.203037
26 ; 2 ; 0.807853
26 ; 3 ; 1.522869
26 ; 4 ; 1.340688
26 ; 5 ; 0.654034
26 ; 6 ; 0.404398
26 ; 7 ; 0.370587
26 ; 8 ; 3.507586
26 ; 9 ; 0.135910
26 ; 10 ; 0.003975
26 ; 11 ; 0.781572
26 ; 12 ; 1.476655
26 ; 13 ; 0.387125
26 ; 14 ; 0.548621
26 ; 15 ; 2.300664
26 ; 16 ; 0.763074
26 ; 17 ; 1.205103
26 ; 18 ; 1.174711
26 ; 19 ; 1.079059
26 ; 20 ; 0.212579
26 ; 21 ; 5.360226
26 ; 22 ; 1.384678
26 ; 23 ; 0.445376
26 ; 24 ; 0.091864
26 ; 25 ; 0.064638
26 ; 26 ; 0.063207
26 ; 27 ; 0.885400
26 ; 28 ; 0.070417
26 ; 29 ; 0.075210
26 ; 30 ; 0.430997
26 ; 31 ; 0.295618
26 ; 32 ; 4.310402
26 ; 33 ; 3.142999
26 ; 34 ; 2.943036
26 ; 35 ; 1.928334
26 ; 36 ; 1.213900
26 ; 37 ; 0.251960
26 ; 38 ; 1.024888
26 ; 39 ; 0.572192
26 ; 40 ; 0.604845
26 ; 41 ; 0.040991
26 ; 42 ; 0.386181
26 ; 43 ; 3.811006
26 ; 44 ; 0.179244
26 ; 45 ; 0.765958
26 ; 46 ; 0.971242
26 ; 47 ; 0.420532
26 ; 48 ; 0.484829
26 ; 49 ; 1.186937
26 ; 50 ; 1.626583
26 ; 51 ; 1.803208
26 ; 52 ; 1.310248
26 ; 53 ; 0.485821
26 ; 54 ; 3.478483
26 ; 55 ; 0.464228
26 ; 56 ; 0.131202
26 ; 57 ; 0.491342
26 ; 58 ; 4.114911
26 ; 59 ; 0.788934
26 ; 60 ; 1.380422
26 ; 61 ; 0.187640
26 ; 62 ; 0.244099
26 ; 63 ; 0.545246
26 ; 64 ; 0.596442
26 ; 65 ; 3.230140
26 ; 66 ; 0.864319
26 ; 67 ; 1.240660
26 ; 68 ; 0.168387
26 ; 69 ; 0.978198
26 ; 70 ; 1.228076
26 ; 71 ; 1.620701
26 ; 72 ; 0.773933
26 ; 73 ; 0.911253
26 ; 74 ; 0.116933
26 ; 75 ; 0.720841
26 ; 76 ; 3.030733
26 ; 77 ; 1.541514
26 ; 78 ; 0.354711
26 ; 79 ; 2.548634
26 ; 80 ; 0.307003
26 ; 81 ; 2.029645
26 ; 82 ; 1.937401
26 ; 83 ; 2.369701
26 ; 84 ; 3.880984
26 ; 85 ; 1.611485
26 ; 86 ; 0.862943
26 ; 87 ; 2.865089
26 ; 88 ; 4.990005
26 ; 89 ; 2.175967
26 ; 90 ; 1.166740
26 ; 91 ; 2.350948
26 ; 92 ; 0.030522
26 ; 93 ; 2.403895
26 ; 94 ; 0.320451
26 ; 95 ; 0.447426
26 ; 96 ; 0.674253
26 ; 97 ; 1.028723
26 ; 98 ; 2.722560
26 ; 99 ; 0.223701
27 ; 0 ; 0.781572
27 ; 1 ; 1.476655
27 ; 2 ; 0.387125
27 ; 3 ; 0.548621
27 ; 4 ; 2.300664
27 ; 5 ; 0.763074
27 ; 6 ; 1.205103
27 ; 7 ; 1.174711
27 ; 8 ; 1.079059
27 ; 9 ; 0.212579
27 ; 10 ; 5.360226
27 ; 11 ; 1.384678
27 ; 12 ; 0.445376
27 ; 13 ; 0.091864
27 ; 14 ; 0.064638
27 ; 15 ; 0.063207
27 ; 16 ; 0.885400
27 ; 17 ; 0.070417
27 ; 18 ; 0.075210
27 ; 19 ; 0.430997
27 ; 20 ; 0.295618
27 ; 21 ; 4.310402
27 ; 22 ; 3.142999
27 ; 23 ; 2.943036
27 ; 24 ; 1.928334
27 ; 25 ; 1.213900
27 ; 26 ; 0.251960
27 ; 27 ; 1.024888
27 ; 28 ; 0.572192
27 ; 29 ; 0.604845
27 ; 30 ; 0.040991
27 ; 31 ; 0.386181
27 ; 32 ; 3.811006
27 ; 33 ; 0.179244
27 ; 34 ; 0.765958
27 ; 35 ; 0.971242
27 ; 36 ; 0.420532
27 ; 37 ; 0.484829
27 ; 38 ; 1.186937
27 ; 39 ; 1.626583
27 ; 40 ; 1.803208
27 ; 41 ; 1.310248
27 ; 42 ; 0.485821
27 ; 43 ; 3.478483
27 ; 44 ; 0.464228
27 ; 45 ; 0.131202
27 ; 46 ; 0.491342
27 ; 47 ; 4.114911
27 ; 48 ; 0.788934
27 ; 49 ; 1.380422
27 ; 50 ; 0.187640
27 ; 51 ; 0.244099
27 ; 52 ; 0.545246
27 ; 53 ; 0.596442
27 ; 54 ; 3.230140
27 ; 55 ; 0.864319
27 ; 56 ; 1.240660
27 ; 57 ; 0.168387
27 ; 58 ; 0.978198
27 ; 59 ; 1.228076
27 ; 60 ; 1.620701
27 ; 61 ; 0.773933
27 ; 62 ; 0.911253
27 ; 63 ; 0.116933
27 ; 64 ; 0.720841
27 ; 65 ; 3.030733
27 ; 66 ; 1.541514
27 ; 67 ; 0.354711
27 ; 68 ; 2.548634
27 ; 69 ; 0.307003
27 ; 70 ; 2.029645
27 ; 71 ; 1.937401
27 ; 72 ; 2.369701
27 ; 73 ; 3.880984
27 ; 74 ; 1.611485
27 ; 75 ; 0.862943
27 ; 76 ; 2.865089
27 ; 77 ; 4.990005
27 ; 78 ; 2.175967
27 ; 79 ; 1.166740
27 ; 80 ; 2.350948
27 ; 81 ; 0.030522
27 ; 82 ; 2.403895
27 ; 83 ; 0.320451
27 ; 84 ; 0.447426
27 ; 85 ; 0.674253
27 ; 86 ; 1.028723
27 ; 87 ; 2.722560
27 ; 88 ; 0.223701
27 ; 89 ; 0.643060
27 ; 90 ; 0.607699
27 ; 91 ; 0.787591
27 ; 92 ; 0.212617
27 ; 93 ; 3.305435
27 ; 94 ; 1.026846
27 ; 95 ; 1.355374
27 ; 96 ; 0.199082
27 ; 97 ; 1.227450
27 ; 98 ; 2.598244
27 ; 99 ; 0.523788
28 ; 0 ; 1.384678
28 ; 1 ; 0.445376
28 ; 2 ; 0.091864
28 ; 3 ; 0.064638
28 ; 4 ; 0.063207
28 ; 5 ; 0.885400
28 ; 6 ; 0.070417
28 ; 7 ; 0.075210
28 ; 8 ; 0.430997
28 ; 9 ; 0.295618
28 ; 10 ; 4.310402
28 ; 11 ; 3.142999
28 ; 12 ; 2.943036
28 ; 13 ; 1.928334
28 ; 14 ; 1.213900
28 ; 15 ; 0.251960
28 ; 16 ; 1.024888
28 ; 17 ; 0.572192
28 ; 18 ; 0.604845
28 ; 19 ; 0.040991
28 ; 20 ; 0.386181
28 ; 21 ; 3.811006
28 ; 22 ; 0.179244
28 ; 23 ; 0.765958
28 ; 24 ; 0.971242
28 ; 25 ; 0.420532
28 ; 26 ; 0.484829
28 ; 27 ; 1.186937
28 ; 28 ; 1.626583
28 ; 29 ; 1.803208
28 ; 30 ; 1.310248
28 ; 31 ; 0.485821
28 ; 32 ; 3.478483
28 ; 33 ; 0.464228
28 ; 34 ; 0.131202
28 ; 35 ; 0.491342
28 ; 36 ; 4.114911
28 ; 37 ; 0.788934
28 ; 38 ; 1.380422
28 ; 39 ; 0.187640
28 ; 40 ; 0.244099
28 ; 41 ; 0.545246
28 ; 42 ; 0.596442
28 ; 43 ; 3.230140
28 ; 44 ; 0.864319
28 ; 45 ; 1.240660
28 ; 46 ; 0.168387
28 ; 47 ; 0.978198
28 ; 48 ; 1.228076
28 ; 49 ; 1.620701
28 ; 50 ; 0.773933
28 ; 51 ; 0.911253
28 ; 52 ; 0.116933
28 ; 53 ; 0.720841
28 ; 54 ; 3.030733
28 ; 55 ; 1.541514
28 ; 56 ; 0.354711
28 ; 57 ; 2.548634
28 ; 58 ; 0.307003
28 ; 59 ; 2.029645
28 ; 60 ; 1.937401
28 ; 61 ; 2.369701
28 ; 62 ; 3.880984
28 ; 63 ; 1.611485
28 ; 64 ; 0.862943
28 ; 65 ; 2.865089
28 ; 66 ; 4.990005
28 ; 67 ; 2.175967
28 ; 68 ; 1.166740
28 ; 69 ; 2.350948
28 ; 70 ; 0.030522
28 ; 71 ; 2.403895
28 ; 72 ; 0.320451
28 ; 73 ; 0.447426
28 ; 74 ; 0.674253
28 ; 75 ; 1.028723
28 ; 76 ; 2.722560
28 ; 77 ; 0.223701
28 ; 78 ; 0.643060
28 ; 79 ; 0.607699
28 ; 80 ; 0.787591
28 ; 81 ; 0.212617
28 ; 82 ; 3.305435
28 ; 83 ; 1.026846
28 ; 84 ; 1.355374
28 ; 85 ; 0.199082
28 ; 86 ; 1.227450
28 ; 87 ; 2.598244
28 ; 88 ; 0.523788
28 ; 89 ; 0.064183
28 ; 90 ; 0.251293
28 ; 91 ; 0.205058
28 ; 92 ; 0.435421
28 ; 93 ; 0.017145
28 ; 94 ; 0.009598
28 ; 95 ; 0.131828
28 ; 96 ; 2.044859
28 ; 97 ; 1.475720
28 ; 98 ; 2.487321
28 ; 99 ; 0.954535
29 ; 0 ; 3.142999
29 ; 1 ; 2.943036
29 ; 2 ; 1.928334
29 ; 3 ; 1.213900
29 ; 4 ; 0.251960
29 ; 5 ; 1.024888
29 ; 6 ; 0.572192
29 ; 7 ; 0.604845
29 ; 8 ; 0.040991
29 ; 9 ; 0.386181
29 ; 10 ; 3.811006
29 ; 11 ; 0.179244
29 ; 12 ; 0.765958
29 ; 13 ; 0.971242
29 ; 14 ; 0.420532
29 ; 15 ; 0.484829
29 ; 16 ; 1.186937
29 ; 17 ; 1.626583
29 ; 18 ; 1.803208
29 ; 19 ; 1.310248
29 ; 20 ; 0.485821
29 ; 21 ; 3.478483
29 ; 22 ; 0.464228
29 ; 23 ; 0.131202
29 ; 24 ; 0.491342
29 ; 25 ; 4.114911
29 ; 26 ; 0.788934
29 ; 27 ; 1.380422
29 ; 28 ; 0.187640
29 ; 29 ; 0.244099
29 ; 30 ; 0.545246
29 ; 31 ; 0.596442
29 ; 32 ; 3.230140
29 ; 33 ; 0.864319
29 ; 34 ; 1.240660
29 ; 35 ; 0.168387
29 ; 36 ; 0.978198
29 ; 37 ; 1.228076
29 ; 38 ; 1.620701
29 ; 39 ; 0.773933
29 ; 40 ; 0.911253
29 ; 41 ; 0.116933
29 ; 42 ; 0.720841
29 ; 43 ; 3.030733
29 ; 44 ; 1.541514
29 ; 45 ; 0.354711
29 ; 46 ; 2.548634
29 ; 47 ; 0.307003
29 ; 48 ; 2.029645
29 ; 49 ; 1.937401
29 ; 50 ; 2.369701
29 ; 51 ; 3.880984
29 ; 52 ; 1.611485
29 ; 53 ; 0.862943
29 ; 54 ; 2.865089
29 ; 55 ; 4.990005
29 ; 56 ; 2.175967
29 ; 57 ; 1.166740
29 ; 58 ; 2.350948
29 ; 59 ; 0.030522
29 ; 60 ; 2.403895
29 ; 61 ; 0.320451
29 ; 62 ; 0.447426
29 ; 63 ; 0.674253
29 ; 64 ; 1.028723
29 ; 65 ; 2.722560
29 ; 66 ; 0.223701
29 ; 67 ; 0.643060
29 ; 68 ; 0.607699
29 ; 69 ; 0.787591
29 ; 70 ; 0.212617
29 ; 71 ; 3.305435
29 ; 72 ; 1.026846
29 ; 73 ; 1.355374
29 ; 74 ; 0.199082
29 ; 75 ; 1.227450
29 ; 76 ; 2.598244
29 ; 77 ; 0.523788
29 ; 78 ; 0.064183
29 ; 79 ; 0.251293
29 ; 80 ; 0.205058
29 ; 81 ; 0.435421
29 ; 82 ; 0.017145
29 ; 83 ; 0.009598
29 ; 84 ; 0.131828
29 ; 85 ; 2.044859
29 ; 86 ; 1.475720
29 ; 87 ; 2.487321
29 ; 88 ; 0.954535
29 ; 89 ; 1.049861
29 ; 90 ; 4.511073
29 ; 91 ; 1.747378
29 ; 92 ; 0.722474
29 ; 93 ; 0.073303
29 ; 94 ; 0.473642
29 ; 95 ; 0.702992
29 ; 96 ; 0.822402
29 ; 97 ; 1.806734
29 ; 98 ; 2.387814
29 ; 99 ; 1.727435
30 ; 0 ; 0.179244
30 ; 1 ; 0.765958
30 ; 2 ; 0.971242
30 ; 3 ; 0.420532
30 ; 4 ; 0.484829
30 ; 5 ; 1.186937
30 ; 6 ; 1.626583
30 ; 7 ; 1.803208
30 ; 8 ; 1.310248
30 ; 9 ; 0.485821
30 ; 10 ; 3.478483
30 ; 11 ; 0.464228
30 ; 12 ; 0.131202
30 ; 13 ; 0.491342
30 ; 14 ; 4.114911
30 ; 15 ; 0.788934
30 ; 16 ; 1.380422
30 ; 17 ; 0.187640
30 ; 18 ; 0.244099
30 ; 19 ; 0.545246
30 ; 20 ; 0.596442
30 ; 21 ; 3.230140
30 ; 22 ; 0.864319
30 ; 23 ; 1.240660
30 ; 24 ; 0.168387
30 ; 25 ; 0.978198
30 ; 26 ; 1.228076
30 ; 27 ; 1.620701
30 ; 28 ; 0.773933
30 ; 29 ; 0.911253
30 ; 30 ; 0.116933
30 ; 31 ; 0.720841
30 ; 32 ; 3.030733
30 ; 33 ; 1.541514
30 ; 34 ; 0.354711
30 ; 35 ; 2.548634
30 ; 36 ; 0.307003
30 ; 37 ; 2.029645
30 ; 38 ; 1.937401
30 ; 39 ; 2.369701
30 ; 40 ; 3.880984
30 ; 41 ; 1.611485
30 ; 42 ; 0.862943
30 ; 43 ; 2.865089
30 ; 44 ; 4.990005
30 ; 45 ; 2.175967
30 ; 46 ; 1.166740
30 ; 47 ; 2.350948
30 ; 48 ; 0.030522
30 ; 49 ; 2.403895
30 ; 50 ; 0.320451
30 ; 51 ; 0.447426
30 ; 52 ; 0.674253
30 ; 53 ; 1.028723
30 ; 54 ; 2.722560
30 ; 55 ; 0.223701
30 ; 56 ; 0.643060
30 ; 57 ; 0.607699
30 ; 58 ; 0.787591
30 ; 59 ; 0.212617
30 ; 60 ; 3.305435
30 ; 61 ; 1.026846
30 ; 62 ; 1.355374
30 ; 63 ; 0.199082
30 ; 64 ; 1.227450
30 ; 65 ; 2.598244
30 ; 66 ; 0.523788
30 ; 67 ; 0.064183
30 ; 68 ; 0.251293
30 ; 69 ; 0.205058
30 ; 70 ; 0.435421
30 ; 71 ; 0.017145
30 ; 72 ; 0.009598
30 ; 73 ; 0.131828
30 ; 74 ; 2.044859
30 ; 75 ; 1.475720
30 ; 76 ; 2.487321
30 ; 77 ; 0.954535
30 ; 78 ; 1.049861
30 ; 79 ; 4.511073
30 ; 80 ; 1.747378
30 ; 81 ; 0.722474
30 ; 82 ; 0.073303
30 ; 83 ; 0.473642
30 ; 84 ; 0.702992
30 ; 85 ; 0.822402
30 ; 86 ; 1.806734
30 ; 87 ; 2.387814
30 ; 88 ; 1.727435
30 ; 89 ; 0.271587
30 ; 90 ; 1.409855
30 ; 91 ; 0.627564
30 ; 92 ; 1.126777
30 ; 93 ; 0.132838
30 ; 94 ; 1.366322
30 ; 95 ; 2.174087
30 ; 96 ; 0.288588
30 ; 97 ; 2.305244
30 ; 98 ; 2.297016
30 ; 99 ; 0.029956
31 ; 0 ; 0.464228
31 ; 1 ; 0.131202
31 ; 2 ; 0.491342
31 ; 3 ; 4.114911
31 ; 4 ; 0.788934
31 ; 5 ; 1.380422
31 ; 6 ; 0.187640
31 ; 7 ; 0.244099
31 ; 8 ; 0.545246
31 ; 9 ; 0.596442
31 ; 10 ; 3.230140
31 ; 11 ; 0.864319
31 ; 12 ; 1.240660
31 ; 13 ; 0.168387
31 ; 14 ; 0.978198
31 ; 15 ; 1.228076
31 ; 16 ; 1.620701
31 ; 17 ; 0.773933
31 ; 18 ; 0.911253
31 ; 19 ; 0.116933
31 ; 20 ; 0.720841
31 ; 21 ; 3.030733
31 ; 22 ; 1.541514
31 ; 23 ; 0.354711
31 ; 24 ; 2.548634
31 ; 25 ; 0.307003
31 ; 26 ; 2.029645
31 ; 27 ; 1.937401
31 ; 28 ; 2.369701
31 ; 29 ; 3.880984
31 ; 30 ; 1.611485
31 ; 31 ; 0.862943
31 ; 32 ; 2.865089
31 ; 33 ; 4.990005
31 ; 34 ; 2.175967
31 ; 35 ; 1.166740
31 ; 36 ; 2.350948
31 ; 37 ; 0.030522
31 ; 38 ; 2.403895
31 ; 39 ; 0.320451
31 ; 40 ; 0.447426
31 ; 41 ; 0.674253
31 ; 42 ; 1.028723
31 ; 43 ; 2.722560
31 ; 44 ; 0.223701
31 ; 45 ; 0.643060
31 ; 46 ; 0.607699
31 ; 47 ; 0.787591
31 ; 48 ; 0.212617
31 ; 49 ; 3.305435
31 ; 50 ; 1.026846
31 ; 51 ; 1.355374
31 ; 52 ; 0.199082
31 ; 53 ; 1.227450
31 ; 54 ; 2.598244
31 ; 55 ; 0.523788
31 ; 56 ; 0.064183
31 ; 57 ; 0.251293
31 ; 58 ; 0.205058
31 ; 59 ; 0.435421
31 ; 60 ; 0.017145
31 ; 61 ; 0.009598
31 ; 62 ; 0.131828
31 ; 63 ; 2.044859
31 ; 64 ; 1.475720
31 ; 65 ; 2.487321
31 ; 66 ; 0.954535
31 ; 67 ; 1.049861
31 ; 68 ; 4.511073
31 ; 69 ; 1.747378
31 ; 70 ; 0.722474
31 ; 71 ; 0.073303
31 ; 72 ; 0.473642
31 ; 73 ; 0.702992
31 ; 74 ; 0.822402
31 ; 75 ; 1.806734
31 ; 76 ; 2.387814
31 ; 77 ; 1.727435
31 ; 78 ; 0.271587
31 ; 79 ; 1.409855
31 ; 80 ; 0.627564
31 ; 81 ; 1.126777
31 ; 82 ; 0.132838
31 ; 83 ; 1.366322
31 ; 84 ; 2.174087
31 ; 85 ; 0.288588
31 ; 86 ; 2.305244
31 ; 87 ; 2.297016
31 ; 88 ; 0.029956
31 ; 89 ; 1.747028
31 ; 90 ; 0.739462
31 ; 91 ; 0.112551
31 ; 92 ; 1.816446
31 ; 93 ; 0.196107
31 ; 94 ; 0.119509
31 ; 95 ; 0.311493
31 ; 96 ; 2.826219
31 ; 97 ; 3.343591
31 ; 98 ; 2.214059
31 ; 99 ; 0.270226
32 ; 0 ; 0.864319
32 ; 1 ; 1.240660
32 ; 2 ; 0.168387
32 ; 3 ; 0.978198
32 ; 4 ; 1.228076
32 ; 5 ; 1.620701
32 ; 6 ; 0.773933
32 ; 7 ; 0.911253
32 ; 8 ; 0.116933
32 ; 9 ; 0.720841
32 ; 10 ; 3.030733
32 ; 11 ; 1.541514
32 ; 12 ; 0.354711
32 ; 13 ; 2.548634
32 ; 14 ; 0.307003
32 ; 15 ; 2.029645
32 ; 16 ; 1.937401
32 ; 17 ; 2.369701
32 ; 18 ; 3.880984
32 ; 19 ; 1.611485
32 ; 20 ; 0.862943
32 ; 21 ; 2.865089
32 ; 22 ; 4.990005
32 ; 23 ; 2.175967
32 ; 24 ; 1.166740
32 ; 25 ; 2.350948
32 ; 26 ; 0.030522
32 ; 27 ; 2.403895
32 ; 28 ; 0.320451
32 ; 29 ; 0.447426
32 ; 30 ; 0.674253
32 ; 31 ; 1.028723
32 ; 32 ; 2.722560
32 ; 33 ; 0.223701
32 ; 34 ; 0.643060
32 ; 35 ; 0.607699
32 ; 36 ; 0.787591
32 ; 37 ; 0.212617
32 ; 38 ; 3.305435
32 ; 39 ; 1.026846
32 ; 40 ; 1.355374
32 ; 41 ; 0.199082
32 ; 42 ; 1.227450
32 ; 43 ; 2.598244
32 ; 44 ; 0.523788
32 ; 45 ; 0.064183
32 ; 46 ; 0.251293
32 ; 47 ; 0.205058
32 ; 48 ; 0.435421
32 ; 49 ; 0.017145
32 ; 50 ; 0.009598
32 ; 51 ; 0.131828
32 ; 52 ; 2.044859
32 ; 53 ; 1.475720
32 ; 54 ; 2.487321
32 ; 55 ; 0.954535
32 ; 56 ; 1.049861
32 ; 57 ; 4.511073
32 ; 58 ; 1.747378
32 ; 59 ; 0.722474
32 ; 60 ; 0.073303
32 ; 61 ; 0.473642
32 ; 62 ; 0.702992
32 ; 63 ; 0.822402
32 ; 64 ; 1.806734
32 ; 65 ; 2.387814
32 ; 66 ; 1.727435
32 ; 67 ; 0.271587
32 ; 68 ; 1.409855
32 ; 69 ; 0.627564
32 ; 70 ; 1.126777
32 ; 71 ; 0.132838
32 ; 72 ; 1.366322
32 ; 73 ; 2.174087
32 ; 74 ; 0.288588
32 ; 75 ; 2.305244
32 ; 76 ; 2.297016
32 ; 77 ; 0.029956
32 ; 78 ; 1.747028
32 ; 79 ; 0.739462
32 ; 80 ; 0.112551
32 ; 81 ; 1.816446
32 ; 82 ; 0.196107
32 ; 83 ; 0.119509
32 ; 84 ; 0.311493
32 ; 85 ; 2.826219
32 ; 86 ; 3.343591
32 ; 87 ; 2.214059
32 ; 88 ; 0.270226
32 ; 89 ; 0.533627
32 ; 90 ; 0.341655
32 ; 91 ; 1.373649
32 ; 92 ; 6.786259
32 ; 93 ; 0.263690
32 ; 94 ; 0.654622
32 ; 95 ; 1.047075
32 ; 96 ; 0.996464
32 ; 97 ; 0.029515
32 ; 98 ; 2.137202
32 ; 99 ; 0.587122
33 ; 0 ; 1.541514
33 ; 1 ; 0.354711
33 ; 2 ; 2.548634
33 ; 3 ; 0.307003
33 ; 4 ; 2.029645
33 ; 5 ; 1.937401
33 ; 6 ; 2.369701
33 ; 7 ; 3.880984
33 ; 8 ; 1.611485
33 ; 9 ; 0.862943
33 ; 10 ; 2.865089
33 ; 11 ; 4.990005
33 ; 12 ; 2.175967
33 ; 13 ; 1.166740
33 ; 14 ; 2.350948
33 ; 15 ; 0.030522
33 ; 16 ; 2.403895
33 ; 17 ; 0.320451
33 ; 18 ; 0.447426
33 ; 19 ; 0.674253
33 ; 20 ; 1.028723
33 ; 21 ; 2.722560
33 ; 22 ; 0.223701
33 ; 23 ; 0.643060
33 ; 24 ; 0.607699
33 ; 25 ; 0.787591
33 ; 26 ; 0.212617
33 ; 27 ; 3.305435
33 ; 28 ; 1.026846
33 ; 29 ; 1.355374
33 ; 30 ; 0.199082
33 ; 31 ; 1.227450
33 ; 32 ; 2.598244
33 ; 33 ; 0.523788
33 ; 34 ; 0.064183
33 ; 35 ; 0.251293
33 ; 36 ; 0.205058
33 ; 37 ; 0.435421
33 ; 38 ; 0.017145
33 ; 39 ; 0.009598
33 ; 40 ; 0.131828
33 ; 41 ; 2.044859
33 ; 42 ; 1.475720
33 ; 43 ; 2.487321
33 ; 44 ; 0.954535
33 ; 45 ; 1.049861
33 ; 46 ; 4.511073
33 ; 47 ; 1.747378
33 ; 48 ; 0.722474
33 ; 49 ; 0.073303
33 ; 50 ; 0.473642
33 ; 51 ; 0.702992
33 ; 52 ; 0.822402
33 ; 53 ; 1.806734
33 ; 54 ; 2.387814
33 ; 55 ; 1.727435
33 ; 56 ; 0.271587
33 ; 57 ; 1.409855
33 ; 58 ; 0.627564
33 ; 59 ; 1.126777
33 ; 60 ; 0.132838
33 ; 61 ; 1.366322
33 ; 62 ; 2.174087
33 ; 63 ; 0.288588
33 ; 64 ; 2.305244
33 ; 65 ; 2.297016
33 ; 66 ; 0.029956
33 ; 67 ; 1.747028
33 ; 68 ; 0.739462
33 ; 69 ; 0.112551
33 ; 70 ; 1.816446
33 ; 71 ; 0.196107
33 ; 72 ; 0.119509
33 ; 73 ; 0.311493
33 ; 74 ; 2.826219
33 ; 75 ; 3.343591
33 ; 76 ; 2.214059
33 ; 77 ; 0.270226
33 ; 78 ; 0.533627
33 ; 79 ; 0.341655
33 ; 80 ; 1.373649
33 ; 81 ; 6.786259
33 ; 82 ; 0.263690
33 ; 83 ; 0.654622
33 ; 84 ; 1.047075
33 ; 85 ; 0.996464
33 ; 86 ; 0.029515
33 ; 87 ; 2.137202
33 ; 88 ; 0.587122
33 ; 89 ; 0.001374
33 ; 90 ; 0.057857
33 ; 91 ; 0.489648
33 ; 92 ; 0.174727
33 ; 93 ; 0.336130
33 ; 94 ; 1.884193
33 ; 95 ; 0.030868
33 ; 96 ; 0.386945
33 ; 97 ; 0.098174
33 ; 98 ; 2.066073
33 ; 99 ; 1.053618
34 ; 0 ; 4.990005
34 ; 1 ; 2.175967
34 ; 2 ; 1.166740
34 ; 3 ; 2.350948
34 ; 4 ; 0.030522
34 ; 5 ; 2.403895
34 ; 6 ; 0.320451
34 ; 7 ; 0.447426
34 ; 8 ; 0.674253
34 ; 9 ; 1.028723
34 ; 10 ; 2.722560
34 ; 11 ; 0.223701
34 ; 12 ; 0.643060
34 ; 13 ; 0.607699
34 ; 14 ; 0.787591
34 ; 15 ; 0.212617
34 ; 16 ; 3.305435
34 ; 17 ; 1.026846
34 ; 18 ; 1.355374
34 ; 19 ; 0.199082
34 ; 20 ; 1.227450
34 ; 21 ; 2.598244
34 ; 22 ; 0.523788
34 ; 23 ; 0.064183
34 ; 24 ; 0.251293
34 ; 25 ; 0.205058
34 ; 26 ; 0.435421
34 ; 27 ; 0.017145
34 ; 28 ; 0.009598
34 ; 29 ; 0.131828
34 ; 30 ; 2.044859
34 ; 31 ; 1.475720
34 ; 32 ; 2.487321
34 ; 33 ; 0.954535
34 ; 34 ; 1.049861
34 ; 35 ; 4.511073
34 ; 36 ; 1.747378
34 ; 37 ; 0.722474
34 ; 38 ; 0.073303
34 ; 39 ; 0.473642
34 ; 40 ; 0.702992
34 ; 41 ; 0.822402
34 ; 42 ; 1.806734
34 ; 43 ; 2.387814
34 ; 44 ; 1.727435
34 ; 45 ; 0.271587
34 ; 46 ; 1.409855
34 ; 47 ; 0.627564
34 ; 48 ; 1.126777
34 ; 49 ; 0.132838
34 ; 50 ; 1.366322
34 ; 51 ; 2.174087
34 ; 52 ; 0.288588
34 ; 53 ; 2.305244
34 ; 54 ; 2.297016
34 ; 55 ; 0.029956
34 ; 56 ; 1.747028
34 ; 57 ; 0.739462
34 ; 58 ; 0.112551
34 ; 59 ; 1.816446
34 ; 60 ; 0.196107
34 ; 61 ; 0.119509
34 ; 62 ; 0.311493
34 ; 63 ; 2.826219
34 ; 64 ; 3.343591
34 ; 65 ; 2.214059
34 ; 66 ; 0.270226
34 ; 67 ; 0.533627
34 ; 68 ; 0.341655
34 ; 69 ; 1.373649
34 ; 70 ; 6.786259
34 ; 71 ; 0.263690
34 ; 72 ; 0.654622
34 ; 73 ; 1.047075
34 ; 74 ; 0.996464
34 ; 75 ; 0.029515
34 ; 76 ; 2.137202
34 ; 77 ; 0.587122
34 ; 78 ; 0.001374
34 ; 79 ; 0.057857
34 ; 80 ; 0.489648
34 ; 81 ; 0.174727
34 ; 82 ; 0.336130
34 ; 83 ; 1.884193
34 ; 84 ; 0.030868
34 ; 85 ; 0.386945
34 ; 86 ; 0.098174
34 ; 87 ; 2.066073
34 ; 88 ; 1.053618
34 ; 89 ; 0.889700
34 ; 90 ; 1.731736
34 ; 91 ; 0.027882
34 ; 92 ; 0.388294
34 ; 93 ; 0.414278
34 ; 94 ; 0.243009
34 ; 95 ; 0.530665
34 ; 96 ; 0.010955
34 ; 97 ; 0.171932
34 ; 98 ; 1.999444
34 ; 99 ; 1.956217
35 ; 0 ; 0.223701
35 ; 1 ; 0.643060
35 ; 2 ; 0.607699
35 ; 3 ; 0.787591
35 ; 4 ; 0.212617
35 ; 5 ; 3.305435
35 ; 6 ; 1.026846
35 ; 7 ; 1.355374
35 ; 8 ; 0.199082
35 ; 9 ; 1.227450
35 ; 10 ; 2.598244
35 ; 11 ; 0.523788
35 ; 12 ; 0.064183
35 ; 13 ; 0.251293
35 ; 14 ; 0.205058
35 ; 15 ; 0.435421
35 ; 16 ; 0.017145
35 ; 17 ; 0.009598
35 ; 18 ; 0.131828
35 ; 19 ; 2.044859
35 ; 20 ; 1.475720
35 ; 21 ; 2.487321
35 ; 22 ; 0.954535
35 ; 23 ; 1.049861
35 ; 24 ; 4.511073
35 ; 25 ; 1.747378
35 ; 26 ; 0.722474
35 ; 27 ; 0.073303
35 ; 28 ; 0.473642
35 ; 29 ; 0.702992
35 ; 30 ; 0.822402
35 ; 31 ; 1.806734
35 ; 32 ; 2.387814
35 ; 33 ; 1.727435
35 ; 34 ; 0.271587
35 ; 35 ; 1.409855
35 ; 36 ; 0.627564
35 ; 37 ; 1.126777
35 ; 38 ; 0.132838
35 ; 39 ; 1.366322
35 ; 40 ; 2.174087
35 ; 41 ; 0.288588
35 ; 42 ; 2.305244
35 ; 43 ; 2.297016
35 ; 44 ; 0.029956
35 ; 45 ; 1.747028
35 ; 46 ; 0.739462
35 ; 47 ; 0.112551
35 ; 48 ; 1.816446
35 ; 49 ; 0.196107
35 ; 50 ; 0.119509
35 ; 51 ; 0.311493
35 ; 52 ; 2.826219
35 ; 53 ; 3.343591
35 ; 54 ; 2.214059
35 ; 55 ; 0.270226
35 ; 56 ; 0.533627
35 ; 57 ; 0.341655
35 ; 58 ; 1.373649
35 ; 59 ; 6.786259
35 ; 60 ; 0.263690
35 ; 61 ; 0.654622
35 ; 62 ; 1.047075
35 ; 63 ; 0.996464
35 ; 64 ; 0.029515
35 ; 65 ; 2.137202
35 ; 66 ; 0.587122
35 ; 67 ; 0.001374
35 ; 68 ; 0.057857
35 ; 69 ; 0.489648
35 ; 70 ; 0.174727
35 ; 71 ; 0.336130
35 ; 72 ; 1.884193
35 ; 73 ; 0.030868
35 ; 74 ; 0.386945
35 ; 75 ; 0.098174
35 ; 76 ; 2.066073
35 ; 77 ; 1.053618
35 ; 78 ; 0.889700
35 ; 79 ; 1.731736
35 ; 80 ; 0.027882
35 ; 81 ; 0.388294
35 ; 82 ; 0.414278
35 ; 83 ; 0.243009
35 ; 84 ; 0.530665
35 ; 85 ; 0.010955
35 ; 86 ; 0.171932
35 ; 87 ; 1.999444
35 ; 88 ; 1.956217
35 ; 89 ; 0.194845
35 ; 90 ; 0.891187
35 ; 91 ; 1.102220
35 ; 92 ; 0.660217
35 ; 93 ; 0.499004
35 ; 94 ; 0.875682
35 ; 95 ; 1.576035
35 ; 96 ; 1.207244
35 ; 97 ; 0.251528
35 ; 98 ; 1.937189
35 ; 99 ; 0.068128
36 ; 0 ; 0.523788
36 ; 1 ; 0.064183
36 ; 2 ; 0.251293
36 ; 3 ; 0.205058
36 ; 4 ; 0.435421
36 ; 5 ; 0.017145
36 ; 6 ; 0.009598
36 ; 7 ; 0.131828
36 ; 8 ; 2.044859
36 ; 9 ; 1.475720
36 ; 10 ; 2.487321
36 ; 11 ; 0.954535
36 ; 12 ; 1.049861
36 ; 13 ; 4.511073
36 ; 14 ; 1.747378
36 ; 15 ; 0.722474
36 ; 16 ; 0.073303
36 ; 17 ; 0.473642
36 ; 18 ; 0.702992
36 ; 19 ; 0.822402
36 ; 20 ; 1.806734
36 ; 21 ; 2.387814
36 ; 22 ; 1.727435
36 ; 23 ; 0.271587
36 ; 24 ; 1.409855
36 ; 25 ; 0.627564
36 ; 26 ; 1.126777
36 ; 27 ; 0.132838
36 ; 28 ; 1.366322
36 ; 29 ; 2.174087
36 ; 30 ; 0.288588
36 ; 31 ; 2.305244
36 ; 32 ; 2.297016
36 ; 33 ; 0.029956
36 ; 34 ; 1.747028
36 ; 35 ; 0.739462
36 ; 36 ; 0.112551
36 ; 37 ; 1.816446
36 ; 38 ; 0.196107
36 ; 39 ; 0.119509
36 ; 40 ; 0.311493
36 ; 41 ; 2.826219
36 ; 42 ; 3.343591
36 ; 43 ; 2.214059
36 ; 44 ; 0.270226
36 ; 45 ; 0.533627
36 ; 46 ; 0.341655
36 ; 47 ; 1.373649
36 ; 48 ; 6.786259
36 ; 49 ; 0.263690
36 ; 50 ; 0.654622
36 ; 51 ; 1.047075
36 ; 52 ; 0.996464
36 ; 53 ; 0.029515
36 ; 54 ; 2.137202
36 ; 55 ; 0.587122
36 ; 56 ; 0.001374
36 ; 57 ; 0.057857
36 ; 58 ; 0.489648
36 ; 59 ; 0.174727
36 ; 60 ; 0.336130
36 ; 61 ; 1.884193
36 ; 62 ; 0.030868
36 ; 63 ; 0.386945
36 ; 64 ; 0.098174
36 ; 65 ; 2.066073
36 ; 66 ; 1.053618
36 ; 67 ; 0.889700
36 ; 68 ; 1.731736
36 ; 69 ; 0.027882
36 ; 70 ; 0.388294
36 ; 71 ; 0.414278
36 ; 72 ; 0.243009
36 ; 73 ; 0.530665
36 ; 74 ; 0.010955
36 ; 75 ; 0.171932
36 ; 76 ; 1.999444
36 ; 77 ; 1.956217
36 ; 78 ; 0.194845
36 ; 79 ; 0.891187
36 ; 80 ; 1.102220
36 ; 81 ; 0.660217
36 ; 82 ; 0.499004
36 ; 83 ; 0.875682
36 ; 84 ; 1.576035
36 ; 85 ; 1.207244
36 ; 86 ; 0.251528
36 ; 87 ; 1.937189
36 ; 88 ; 0.068128
36 ; 89 ; 1.447812
36 ; 90 ; 0.441002
36 ; 91 ; 0.368468
36 ; 92 ; 1.034889
36 ; 93 ; 0.591633
36 ; 94 ; 3.018794
36 ; 95 ; 0.191846
36 ; 96 ; 0.495992
36 ; 97 ; 0.338012
36 ; 98 ; 1.878385
36 ; 99 ; 0.319022
37 ; 0 ; 0.954535
37 ; 1 ; 1.049861
37 ; 2 ; 4.511073
37 ; 3 ; 1.747378
37 ; 4 ; 0.722474
37 ; 5 ; 0.073303
37 ; 6 ; 0.473642
37 ; 7 ; 0.702992
37 ; 8 ; 0.822402
37 ; 9 ; 1.806734
37 ; 10 ; 2.387814
37 ; 11 ; 1.727435
37 ; 12 ; 0.271587
37 ; 13 ; 1.409855
37 ; 14 ; 0.627564
37 ; 15 ; 1.126777
37 ; 16 ; 0.132838
37 ; 17 ; 1.366322
37 ; 18 ; 2.174087
37 ; 19 ; 0.288588
37 ; 20 ; 2.305244
37 ; 21 ; 2.297016
37 ; 22 ; 0.029956
37 ; 23 ; 1.747028
37 ; 24 ; 0.739462
37 ; 25 ; 0.112551
37 ; 26 ; 1.816446
37 ; 27 ; 0.196107
37 ; 28 ; 0.119509
37 ; 29 ; 0.311493
37 ; 30 ; 2.826219
37 ; 31 ; 3.343591
37 ; 32 ; 2.214059
37 ; 33 ; 0.270226
37 ; 34 ; 0.533627
37 ; 35 ; 0.341655
37 ; 36 ; 1.373649
37 ; 37 ; 6.786259
37 ; 38 ; 0.263690
37 ; 39 ; 0.654622
37 ; 40 ; 1.047075
37 ; 41 ; 0.996464
37 ; 42 ; 0.029515
37 ; 43 ; 2.137202
37 ; 44 ; 0.587122
37 ; 45 ; 0.001374
37 ; 46 ; 0.057857
37 ; 47 ; 0.489648
37 ; 48 ; 0.174727
37 ; 49 ; 0.336130
37 ; 50 ; 1.884193
37 ; 51 ; 0.030868
37 ; 52 ; 0.386945
37 ; 53 ; 0.098174
37 ; 54 ; 2.066073
37 ; 55 ; 1.053618
37 ; 56 ; 0.889700
37 ; 57 ; 1.731736
37 ; 58 ; 0.027882
37 ; 59 ; 0.388294
37 ; 60 ; 0.414278
37 ; 61 ; 0.243009
37 ; 62 ; 0.530665
37 ; 63 ; 0.010955
37 ; 64 ; 0.171932
37 ; 65 ; 1.999444
37 ; 66 ; 1.956217
37 ; 67 ; 0.194845
37 ; 68 ; 0.891187
37 ; 69 ; 1.102220
37 ; 70 ; 0.660217
37 ; 71 ; 0.499004
37 ; 72 ; 0.875682
37 ; 73 ; 1.576035
37 ; 74 ; 1.207244
37 ; 75 ; 0.251528
37 ; 76 ; 1.937189
37 ; 77 ; 0.068128
37 ; 78 ; 1.447812
37 ; 79 ; 0.441002
37 ; 80 ; 0.368468
37 ; 81 ; 1.034889
37 ; 82 ; 0.591633
37 ; 83 ; 3.018794
37 ; 84 ; 0.191846
37 ; 85 ; 0.495992
37 ; 86 ; 0.338012
37 ; 87 ; 1.878385
37 ; 88 ; 0.319022
37 ; 89 ; 0.434996
37 ; 90 ; 0.131724
37 ; 91 ; 2.967656
37 ; 92 ; 1.640967
37 ; 93 ; 0.693666
37 ; 94 ; 0.383939
37 ; 95 ; 0.811831
37 ; 96 ; 0.084565
37 ; 97 ; 0.432736
37 ; 98 ; 1.823037
37 ; 99 ; 0.654739
38 ; 0 ; 1.727435
38 ; 1 ; 0.271587
38 ; 2 ; 1.409855
38 ; 3 ; 0.627564
38 ; 4 ; 1.126777
38 ; 5 ; 0.132838
38 ; 6 ; 1.366322
38 ; 7 ; 2.174087
38 ; 8 ; 0.288588
38 ; 9 ; 2.305244
38 ; 10 ; 2.297016
38 ; 11 ; 0.029956
38 ; 12 ; 1.747028
38 ; 13 ; 0.739462
38 ; 14 ; 0.112551
38 ; 15 ; 1.816446
38 ; 16 ; 0.196107
38 ; 17 ; 0.119509
38 ; 18 ; 0.311493
38 ; 19 ; 2.826219
38 ; 20 ; 3.343591
38 ; 21 ; 2.214059
38 ; 22 ; 0.270226
38 ; 23 ; 0.533627
38 ; 24 ; 0.341655
38 ; 25 ; 1.373649
38 ; 26 ; 6.786259
38 ; 27 ; 0.263690
38 ; 28 ; 0.654622
38 ; 29 ; 1.047075
38 ; 30 ; 0.996464
38 ; 31 ; 0.029515
38 ; 32 ; 2.137202
38 ; 33 ; 0.587122
38 ; 34 ; 0.001374
38 ; 35 ; 0.057857
38 ; 36 ; 0.489648
38 ; 37 ; 0.174727
38 ; 38 ; 0.336130
38 ; 39 ; 1.884193
38 ; 40 ; 0.030868
38 ; 41 ; 0.386945
38 ; 42 ; 0.098174
38 ; 43 ; 2.066073
38 ; 44 ; 1.053618
38 ; 45 ; 0.889700
38 ; 46 ; 1.731736
38 ; 47 ; 0.027882
38 ; 48 ; 0.388294
38 ; 49 ; 0.414278
38 ; 50 ; 0.243009
38 ; 51 ; 0.530665
38 ; 52 ; 0.010955
38 ; 53 ; 0.171932
38 ; 54 ; 1.999444
38 ; 55 ; 1.956217
38 ; 56 ; 0.194845
38 ; 57 ; 0.891187
38 ; 58 ; 1.102220
38 ; 59 ; 0.660217
38 ; 60 ; 0.499004
38 ; 61 ; 0.875682
38 ; 62 ; 1.576035
38 ; 63 ; 1.207244
38 ; 64 ; 0.251528
38 ; 65 ; 1.937189
38 ; 66 ; 0.068128
38 ; 67 ; 1.447812
38 ; 68 ; 0.441002
38 ; 69 ; 0.368468
38 ; 70 ; 1.034889
38 ; 71 ; 0.591633
38 ; 72 ; 3.018794
38 ; 73 ; 0.191846
38 ; 74 ; 0.495992
38 ; 75 ; 0.338012
38 ; 76 ; 1.878385
38 ; 77 ; 0.319022
38 ; 78 ; 0.434996
38 ; 79 ; 0.131724
38 ; 80 ; 2.967656
38 ; 81 ; 1.640967
38 ; 82 ; 0.693666
38 ; 83 ; 0.383939
38 ; 84 ; 0.811831
38 ; 85 ; 0.084565
38 ; 86 ; 0.432736
38 ; 87 ; 1.823037
38 ; 88 ; 0.654739
38 ; 89 ; 2.823646
38 ; 90 ; 2.209600
38 ; 91 ; 0.888957
38 ; 92 ; 3.432097
38 ; 93 ; 0.807374
38 ; 94 ; 1.160000
38 ; 95 ; 2.770120
38 ; 96 ; 1.474652
38 ; 97 ; 0.537328
38 ; 98 ; 1.770413
38 ; 99 ; 1.163706
39 ; 0 ; 0.029956
39 ; 1 ; 1.747028
39 ; 2 ; 0.739462
39 ; 3 ; 0.112551
39 ; 4 ; 1.816446
39 ; 5 ; 0.196107
39 ; 6 ; 0.119509
39 ; 7 ; 0.311493
39 ; 8 ; 2.826219
39 ; 9 ; 3.343591
39 ; 10 ; 2.214059
39 ; 11 ; 0.270226
39 ; 12 ; 0.533627
39 ; 13 ; 0.341655
39 ; 14 ; 1.373649
39 ; 15 ; 6.786259
39 ; 16 ; 0.263690
39 ; 17 ; 0.654622
39 ; 18 ; 1.047075
39 ; 19 ; 0.996464
39 ; 20 ; 0.029515
39 ; 21 ; 2.137202
39 ; 22 ; 0.587122
39 ; 23 ; 0.001374
39 ; 24 ; 0.057857
39 ; 25 ; 0.489648
39 ; 26 ; 0.174727
39 ; 27 ; 0.336130
39 ; 28 ; 1.884193
39 ; 29 ; 0.030868
39 ; 30 ; 0.386945
39 ; 31 ; 0.098174
39 ; 32 ; 2.066073
39 ; 33 ; 1.053618
39 ; 34 ; 0.889700
39 ; 35 ; 1.731736
39 ; 36 ; 0.027882
39 ; 37 ; 0.388294
39 ; 38 ; 0.414278
39 ; 39 ; 0.243009
39 ; 40 ; 0.530665
39 ; 41 ; 0.010955
39 ; 42 ; 0.171932
39 ; 43 ; 1.999444
39 ; 44 ; 1.956217
39 ; 45 ; 0.194845
39 ; 46 ; 0.891187
39 ; 47 ; 1.102220
39 ; 48 ; 0.660217
39 ; 49 ; 0.499004
39 ; 50 ; 0.875682
39 ; 51 ; 1.576035
39 ; 52 ; 1.207244
39 ; 53 ; 0.251528
39 ; 54 ; 1.937189
39 ; 55 ; 0.068128
39 ; 56 ; 1.447812
39 ; 57 ; 0.441002
39 ; 58 ; 0.368468
39 ; 59 ; 1.034889
39 ; 60 ; 0.591633
39 ; 61 ; 3.018794
39 ; 62 ; 0.191846
39 ; 63 ; 0.495992
39 ; 64 ; 0.338012
39 ; 65 ; 1.878385
39 ; 66 ; 0.319022
39 ; 67 ; 0.434996
39 ; 68 ; 0.131724
39 ; 69 ; 2.967656
39 ; 70 ; 1.640967
39 ; 71 ; 0.693666
39 ; 72 ; 0.383939
39 ; 73 ; 0.811831
39 ; 74 ; 0.084565
39 ; 75 ; 0.432736
39 ; 76 ; 1.823037
39 ; 77 ; 0.654739
39 ; 78 ; 2.823646
39 ; 79 ; 2.209600
39 ; 80 ; 0.888957
39 ; 81 ; 3.432097
39 ; 82 ; 0.807374
39 ; 83 ; 1.160000
39 ; 84 ; 2.770120
39 ; 85 ; 1.474652
39 ; 86 ; 0.537328
39 ; 87 ; 1.770413
39 ; 88 ; 1.163706
39 ; 89 ; 0.751683
39 ; 90 ; 1.070121
39 ; 91 ; 0.260398
39 ; 92 ; 0.138255
39 ; 93 ; 0.935611
39 ; 94 ; 0.055725
39 ; 95 ; 0.383760
39 ; 96 ; 0.618403
39 ; 97 ; 0.654152
39 ; 98 ; 1.720590
39 ; 99 ; 2.253369
40 ; 0 ; 0.270226
40 ; 1 ; 0.533627
40 ; 2 ; 0.341655
40 ; 3 ; 1.373649
40 ; 4 ; 6.786259
40 ; 5 ; 0.263690
40 ; 6 ; 0.654622
40 ; 7 ; 1.047075
40 ; 8 ; 0.996464
40 ; 9 ; 0.029515
40 ; 10 ; 2.137202
40 ; 11 ; 0.587122
40 ; 12 ; 0.001374
40 ; 13 ; 0.057857
40 ; 14 ; 0.489648
40 ; 15 ; 0.174727
40 ; 16 ; 0.336130
40 ; 17 ; 1.884193
40 ; 18 ; 0.030868
40 ; 19 ; 0.386945
40 ; 20 ; 0.098174
40 ; 21 ; 2.066073
40 ; 22 ; 1.053618
40 ; 23 ; 0.889700
40 ; 24 ; 1.731736
40 ; 25 ; 0.027882
40 ; 26 ; 0.388294
40 ; 27 ; 0.414278
40 ; 28 ; 0.243009
40 ; 29 ; 0.530665
40 ; 30 ; 0.010955
40 ; 31 ; 0.171932
40 ; 32 ; 1.999444
40 ; 33 ; 1.956217
40 ; 34 ; 0.194845
40 ; 35 ; 0.891187
40 ; 36 ; 1.102220
40 ; 37 ; 0.660217
40 ; 38 ; 0.499004
40 ; 39 ; 0.875682
40 ; 40 ; 1.576035
40 ; 41 ; 1.207244
40 ; 42 ; 0.251528
40 ; 43 ; 1.937189
40 ; 44 ; 0.068128
40 ; 45 ; 1.447812
40 ; 46 ; 0.441002
40 ; 47 ; 0.368468
40 ; 48 ; 1.034889
40 ; 49 ; 0.591633
40 ; 50 ; 3.018794
40 ; 51 ; 0.191846
40 ; 52 ; 0.495992
40 ; 53 ; 0.338012
40 ; 54 ; 1.878385
40 ; 55 ; 0.319022
40 ; 56 ; 0.434996
40 ; 57 ; 0.131724
40 ; 58 ; 2.967656
40 ; 59 ; 1.640967
40 ; 60 ; 0.693666
40 ; 61 ; 0.383939
40 ; 62 ; 0.811831
40 ; 63 ; 0.084565
40 ; 64 ; 0.432736
40 ; 65 ; 1.823037
40 ; 66 ; 0.654739
40 ; 67 ; 2.823646
40 ; 68 ; 2.209600
40 ; 69 ; 0.888957
40 ; 70 ; 3.432097
40 ; 71 ; 0.807374
40 ; 72 ; 1.160000
40 ; 73 ; 2.770120
40 ; 74 ; 1.474652
40 ; 75 ; 0.537328
40 ; 76 ; 1.770413
40 ; 77 ; 1.163706
40 ; 78 ; 0.751683
40 ; 79 ; 1.070121
40 ; 80 ; 0.260398
40 ; 81 ; 0.138255
40 ; 82 ; 0.935611
40 ; 83 ; 0.055725
40 ; 84 ; 0.383760
40 ; 85 ; 0.618403
40 ; 86 ; 0.654152
40 ; 87 ; 1.720590
40 ; 88 ; 2.253369
40 ; 89 ; 0.123575
40 ; 90 ; 0.551372
40 ; 91 ; 2.037340
40 ; 92 ; 0.343332
40 ; 93 ; 1.082747
40 ; 94 ; 0.547987
40 ; 95 ; 1.204288
40 ; 96 ; 0.163990
40 ; 97 ; 0.786451
40 ; 98 ; 1.672970
40 ; 99 ; 0.107815
41 ; 0 ; 0.587122
41 ; 1 ; 0.001374
41 ; 2 ; 0.057857
41 ; 3 ; 0.489648
41 ; 4 ; 0.174727
41 ; 5 ; 0.336130
41 ; 6 ; 1.884193
41 ; 7 ; 0.030868
41 ; 8 ; 0.386945
41 ; 9 ; 0.098174
41 ; 10 ; 2.066073
41 ; 11 ; 1.053618
41 ; 12 ; 0.889700
41 ; 13 ; 1.731736
41 ; 14 ; 0.027882
41 ; 15 ; 0.388294
41 ; 16 ; 0.414278
41 ; 17 ; 0.243009
41 ; 18 ; 0.530665
41 ; 19 ; 0.010955
41 ; 20 ; 0.171932
41 ; 21 ; 1.999444
41 ; 22 ; 1.956217
41 ; 23 ; 0.194845
41 ; 24 ; 0.891187
41 ; 25 ; 1.102220
41 ; 26 ; 0.660217
41 ; 27 ; 0.499004
41 ; 28 ; 0.875682
41 ; 29 ; 1.576035
41 ; 30 ; 1.207244
41 ; 31 ; 0.251528
41 ; 32 ; 1.937189
41 ; 33 ; 0.068128
41 ; 34 ; 1.447812
41 ; 35 ; 0.441002
41 ; 36 ; 0.368468
41 ; 37 ; 1.034889
41 ; 38 ; 0.591633
41 ; 39 ; 3.018794
41 ; 40 ; 0.191846
41 ; 41 ; 0.495992
41 ; 42 ; 0.338012
41 ; 43 ; 1.878385
41 ; 44 ; 0.319022
41 ; 45 ; 0.434996
41 ; 46 ; 0.131724
41 ; 47 ; 2.967656
41 ; 48 ; 1.640967
41 ; 49 ; 0.693666
41 ; 50 ; 0.383939
41 ; 51 ; 0.811831
41 ; 52 ; 0.084565
41 ; 53 ; 0.432736
41 ; 54 ; 1.823037
41 ; 55 ; 0.654739
41 ; 56 ; 2.823646
41 ; 57 ; 2.209600
41 ; 58 ; 0.888957
41 ; 59 ; 3.432097
41 ; 60 ; 0.807374
41 ; 61 ; 1.160000
41 ; 62 ; 2.770120
41 ; 63 ; 1.474652
41 ; 64 ; 0.537328
41 ; 65 ; 1.770413
41 ; 66 ; 1.163706
41 ; 67 ; 0.751683
41 ; 68 ; 1.070121
41 ; 69 ; 0.260398
41 ; 70 ; 0.138255
41 ; 71 ; 0.935611
41 ; 72 ; 0.055725
41 ; 73 ; 0.383760
41 ; 74 ; 0.618403
41 ; 75 ; 0.654152
41 ; 76 ; 1.720590
41 ; 77 ; 2.253369
41 ; 78 ; 0.123575
41 ; 79 ; 0.551372
41 ; 80 ; 2.037340
41 ; 81 ; 0.343332
41 ; 82 ; 1.082747
41 ; 83 ; 0.547987
41 ; 84 ; 1.204288
41 ; 85 ; 0.163990
41 ; 86 ; 0.786451
41 ; 87 ; 1.672970
41 ; 88 ; 0.107815
41 ; 89 ; 1.217812
41 ; 90 ; 0.211485
41 ; 91 ; 0.713277
41 ; 92 ; 0.601609
41 ; 93 ; 1.255437
41 ; 94 ; 1.558770
41 ; 95 ; 0.084963
41 ; 96 ; 1.840956
41 ; 97 ; 0.939040
41 ; 98 ; 1.627515
41 ; 99 ; 0.370322
42 ; 0 ; 1.053618
42 ; 1 ; 0.889700
42 ; 2 ; 1.731736
42 ; 3 ; 0.027882
42 ; 4 ; 0.388294
42 ; 5 ; 0.414278
42 ; 6 ; 0.243009
42 ; 7 ; 0.530665
42 ; 8 ; 0.010955
42 ; 9 ; 0.171932
42 ; 10 ; 1.999444
42 ; 11 ; 1.956217
42 ; 12 ; 0.194845
42 ; 13 ; 0.891187
42 ; 14 ; 1.102220
42 ; 15 ; 0.660217
42 ; 16 ; 0.499004
42 ; 17 ; 0.875682
42 ; 18 ; 1.576035
42 ; 19 ; 1.207244
42 ; 20 ; 0.251528
42 ; 21 ; 1.937189
42 ; 22 ; 0.068128
42 ; 23 ; 1.447812
42 ; 24 ; 0.441002
42 ; 25 ; 0.368468
42 ; 26 ; 1.034889
42 ; 27 ; 0.591633
42 ; 28 ; 3.018794
42 ; 29 ; 0.191846
42 ; 30 ; 0.495992
42 ; 31 ; 0.338012
42 ; 32 ; 1.878385
42 ; 33 ; 0.319022
42 ; 34 ; 0.434996
42 ; 35 ; 0.131724
42 ; 36 ; 2.967656
42 ; 37 ; 1.640967
42 ; 38 ; 0.693666
42 ; 39 ; 0.383939
42 ; 40 ; 0.811831
42 ; 41 ; 0.084565
42 ; 42 ; 0.432736
42 ; 43 ; 1.823037
42 ; 44 ; 0.654739
42 ; 45 ; 2.823646
42 ; 46 ; 2.209600
42 ; 47 ; 0.888957
42 ; 48 ; 3.432097
42 ; 49 ; 0.807374
42 ; 50 ; 1.160000
42 ; 51 ; 2.770120
42 ; 52 ; 1.474652
42 ; 53 ; 0.537328
42 ; 54 ; 1.770413
42 ; 55 ; 1.163706
42 ; 56 ; 0.751683
42 ; 57 ; 1.070121
42 ; 58 ; 0.260398
42 ; 59 ; 0.138255
42 ; 60 ; 0.935611
42 ; 61 ; 0.055725
42 ; 62 ; 0.383760
42 ; 63 ; 0.618403
42 ; 64 ; 0.654152
42 ; 65 ; 1.720590
42 ; 66 ; 2.253369
42 ; 67 ; 0.123575
42 ; 68 ; 0.551372
42 ; 69 ; 2.037340
42 ; 70 ; 0.343332
42 ; 71 ; 1.082747
42 ; 72 ; 0.547987
42 ; 73 ; 1.204288
42 ; 74 ; 0.163990
42 ; 75 ; 0.786451
42 ; 76 ; 1.672970
42 ; 77 ; 0.107815
42 ; 78 ; 1.217812
42 ; 79 ; 0.211485
42 ; 80 ; 0.713277
42 ; 81 ; 0.601609
42 ; 82 ; 1.255437
42 ; 83 ; 1.558770
42 ; 84 ; 0.084963
42 ; 85 ; 1.840956
42 ; 86 ; 0.939040
42 ; 87 ; 1.627515
42 ; 88 ; 0.370322
42 ; 89 ; 0.345226
42 ; 90 ; 3.157244
42 ; 91 ; 0.162876
42 ; 92 ; 0.950738
42 ; 93 ; 1.464173
42 ; 94 ; 0.171135
42 ; 95 ; 0.621466
42 ; 96 ; 0.757981
42 ; 97 ; 1.119085
42 ; 98 ; 1.584185
42 ; 99 ; 0.727199
43 ; 0 ; 1.956217
43 ; 1 ; 0.194845
43 ; 2 ; 0.891187
43 ; 3 ; 1.102220
43 ; 4 ; 0.660217
43 ; 5 ; 0.499004
43 ; 6 ; 0.875682
43 ; 7 ; 1.576035
43 ; 8 ; 1.207244
43 ; 9 ; 0.251528
43 ; 10 ; 1.937189
43 ; 11 ; 0.068128
43 ; 12 ; 1.447812
43 ; 13 ; 0.441002
43 ; 14 ; 0.368468
43 ; 15 ; 1.034889
43 ; 16 ; 0.591633
43 ; 17 ; 3.018794
43 ; 18 ; 0.191846
43 ; 19 ; 0.495992
43 ; 20 ; 0.338012
43 ; 21 ; 1.878385
43 ; 22 ; 0.319022
43 ; 23 ; 0.434996
43 ; 24 ; 0.131724
43 ; 25 ; 2.967656
43 ; 26 ; 1.640967
43 ; 27 ; 0.693666
43 ; 28 ; 0.383939
43 ; 29 ; 0.811831
43 ; 30 ; 0.084565
43 ; 31 ; 0.432736
43 ; 32 ; 1.823037
43 ; 33 ; 0.654739
43 ; 34 ; 2.823646
43 ; 35 ; 2.209600
43 ; 36 ; 0.888957
43 ; 37 ; 3.432097
43 ; 38 ; 0.807374
43 ; 39 ; 1.160000
43 ; 40 ; 2.770120
43 ; 41 ; 1.474652
43 ; 42 ; 0.537328
43 ; 43 ; 1.770413
43 ; 44 ; 1.163706
43 ; 45 ; 0.751683
43 ; 46 ; 1.070121
43 ; 47 ; 0.260398
43 ; 48 ; 0.138255
43 ; 49 ; 0.935611
43 ; 50 ; 0.055725
43 ; 51 ; 0.383760
43 ; 52 ; 0.618403
43 ; 53 ; 0.654152
43 ; 54 ; 1.720590
43 ; 55 ; 2.253369
43 ; 56 ; 0.123575
43 ; 57 ; 0.551372
43 ; 58 ; 2.037340
43 ; 59 ; 0.343332
43 ; 60 ; 1.082747
43 ; 61 ; 0.547987
43 ; 62 ; 1.204288
43 ; 63 ; 0.163990
43 ; 64 ; 0.786451
43 ; 65 ; 1.672970
43 ; 66 ; 0.107815
43 ; 67 ; 1.217812
43 ; 68 ; 0.211485
43 ; 69 ; 0.713277
43 ; 70 ; 0.601609
43 ; 71 ; 1.255437
43 ; 72 ; 1.558770
43 ; 73 ; 0.084963
43 ; 74 ; 1.840956
43 ; 75 ; 0.939040
43 ; 76 ; 1.627515
43 ; 77 ; 0.370322
43 ; 78 ; 0.345226
43 ; 79 ; 3.157244
43 ; 80 ; 0.162876
43 ; 81 ; 0.950738
43 ; 82 ; 1.464173
43 ; 83 ; 0.171135
43 ; 84 ; 0.621466
43 ; 85 ; 0.757981
43 ; 86 ; 1.119085
43 ; 87 ; 1.584185
43 ; 88 ; 0.727199
43 ; 89 ; 2.118495
43 ; 90 ; 1.288205
43 ; 91 ; 1.563860
43 ; 92 ; 1.491733
43 ; 93 ; 1.728465
43 ; 94 ; 0.744397
43 ; 95 ; 1.859593
43 ; 96 ; 0.250273
43 ; 97 ; 1.338823
43 ; 98 ; 1.542512
43 ; 99 ; 1.287431
44 ; 0 ; 0.068128
44 ; 1 ; 1.447812
44 ; 2 ; 0.441002
44 ; 3 ; 0.368468
44 ; 4 ; 1.034889
44 ; 5 ; 0.591633
44 ; 6 ; 3.018794
44 ; 7 ; 0.191846
44 ; 8 ; 0.495992
44 ; 9 ; 0.338012
44 ; 10 ; 1.878385
44 ; 11 ; 0.319022
44 ; 12 ; 0.434996
44 ; 13 ; 0.131724
44 ; 14 ; 2.967656
44 ; 15 ; 1.640967
44 ; 16 ; 0.693666
44 ; 17 ; 0.383939
44 ; 18 ; 0.811831
44 ; 19 ; 0.084565
44 ; 20 ; 0.432736
44 ; 21 ; 1.823037
44 ; 22 ; 0.654739
44 ; 23 ; 2.823646
44 ; 24 ; 2.209600
44 ; 25 ; 0.888957
44 ; 26 ; 3.432097
44 ; 27 ; 0.807374
44 ; 28 ; 1.160000
44 ; 29 ; 2.770120
44 ; 30 ; 1.474652
44 ; 31 ; 0.537328
44 ; 32 ; 1.770413
44 ; 33 ; 1.163706
44 ; 34 ; 0.751683
44 ; 35 ; 1.070121
44 ; 36 ; 0.260398
44 ; 37 ; 0.138255
44 ; 38 ; 0.935611
44 ; 39 ; 0.055725
44 ; 40 ; 0.383760
44 ; 41 ; 0.618403
44 ; 42 ; 0.654152
44 ; 43 ; 1.720590
44 ; 44 ; 2.253369
44 ; 45 ; 0.123575
44 ; 46 ; 0.551372
44 ; 47 ; 2.037340
44 ; 48 ; 0.343332
44 ; 49 ; 1.082747
44 ; 50 ; 0.547987
44 ; 51 ; 1.204288
44 ; 52 ; 0.163990
44 ; 53 ; 0.786451
44 ; 54 ; 1.672970
44 ; 55 ; 0.107815
44 ; 56 ; 1.217812
44 ; 57 ; 0.211485
44 ; 58 ; 0.713277
44 ; 59 ; 0.601609
44 ; 60 ; 1.255437
44 ; 61 ; 1.558770
44 ; 62 ; 0.084963
44 ; 63 ; 1.840956
44 ; 64 ; 0.939040
44 ; 65 ; 1.627515
44 ; 66 ; 0.370322
44 ; 67 ; 0.345226
44 ; 68 ; 3.157244
44 ; 69 ; 0.162876
44 ; 70 ; 0.950738
44 ; 71 ; 1.464173
44 ; 72 ; 0.171135
44 ; 73 ; 0.621466
44 ; 74 ; 0.757981
44 ; 75 ; 1.119085
44 ; 76 ; 1.584185
44 ; 77 ; 0.727199
44 ; 78 ; 2.118495
44 ; 79 ; 1.288205
44 ; 80 ; 1.563860
44 ; 81 ; 1.491733
44 ; 82 ; 1.728465
44 ; 83 ; 0.744397
44 ; 84 ; 1.859593
44 ; 85 ; 0.250273
44 ; 86 ; 1.338823
44 ; 87 ; 1.542512
44 ; 88 ; 1.287431
44 ; 89 ; 0.630426
44 ; 90 ; 0.675391
44 ; 91 ; 0.563898
44 ; 92 ; 2.756573
44 ; 93 ; 2.088485
44 ; 94 ; 2.232098
44 ; 95 ; 0.255697
44 ; 96 ; 2.424711
44 ; 97 ; 1.620856
44 ; 98 ; 1.502644
44 ; 99 ; 2.678047
45 ; 0 ; 0.319022
45 ; 1 ; 0.434996
45 ; 2 ; 0.131724
45 ; 3 ; 2.967656
45 ; 4 ; 1.640967
45 ; 5 ; 0.693666
45 ; 6 ; 0.383939
45 ; 7 ; 0.811831
45 ; 8 ; 0.084565
45 ; 9 ; 0.432736
45 ; 10 ; 1.823037
45 ; 11 ; 0.654739
45 ; 12 ; 2.823646
45 ; 13 ; 2.209600
45 ; 14 ; 0.888957
45 ; 15 ; 3.432097
45 ; 16 ; 0.807374
45 ; 17 ; 1.160000
45 ; 18 ; 2.770120
45 ; 19 ; 1.474652
45 ; 20 ; 0.537328
45 ; 21 ; 1.770413
45 ; 22 ; 1.163706
45 ; 23 ; 0.751683
45 ; 24 ; 1.070121
45 ; 25 ; 0.260398
45 ; 26 ; 0.138255
45 ; 27 ; 0.935611
45 ; 28 ; 0.055725
45 ; 29 ; 0.383760
45 ; 30 ; 0.618403
45 ; 31 ; 0.654152
45 ; 32 ; 1.720590
45 ; 33 ; 2.253369
45 ; 34 ; 0.123575
45 ; 35 ; 0.551372
45 ; 36 ; 2.037340
45 ; 37 ; 0.343332
45 ; 38 ; 1.082747
45 ; 39 ; 0.547987
45 ; 40 ; 1.204288
45 ; 41 ; 0.163990
45 ; 42 ; 0.786451
45 ; 43 ; 1.672970
45 ; 44 ; 0.107815
45 ; 45 ; 1.217812
45 ; 46 ; 0.211485
45 ; 47 ; 0.713277
45 ; 48 ; 0.601609
45 ; 49 ; 1.255437
45 ; 50 ; 1.558770
45 ; 51 ; 0.084963
45 ; 52 ; 1.840956
45 ; 53 ; 0.939040
45 ; 54 ; 1.627515
45 ; 55 ; 0.370322
45 ; 56 ; 0.345226
45 ; 57 ; 3.157244
45 ; 58 ; 0.162876
45 ; 59 ; 0.950738
45 ; 60 ; 1.464173
45 ; 61 ; 0.171135
45 ; 62 ; 0.621466
45 ; 63 ; 0.757981
45 ; 64 ; 1.119085
45 ; 65 ; 1.584185
45 ; 66 ; 0.727199
45 ; 67 ; 2.118495
45 ; 68 ; 1.288205
45 ; 69 ; 1.563860
45 ; 70 ; 1.491733
45 ; 71 ; 1.728465
45 ; 72 ; 0.744397
45 ; 73 ; 1.859593
45 ; 74 ; 0.250273
45 ; 75 ; 1.338823
45 ; 76 ; 1.542512
45 ; 77 ; 1.287431
45 ; 78 ; 0.630426
45 ; 79 ; 0.675391
45 ; 80 ; 0.563898
45 ; 81 ; 2.756573
45 ; 82 ; 2.088485
45 ; 83 ; 2.232098
45 ; 84 ; 0.255697
45 ; 85 ; 2.424711
45 ; 86 ; 1.620856
45 ; 87 ; 1.502644
45 ; 88 ; 2.678047
45 ; 89 ; 0.057049
45 ; 90 ; 0.298205
45 ; 91 ; 0.074026
45 ; 92 ; 0.103067
45 ; 93 ; 2.656948
45 ; 94 ; 0.301583
45 ; 95 ; 0.933979
45 ; 96 ; 0.920174
45 ; 97 ; 2.015346
45 ; 98 ; 1.464173
45 ; 99 ; 0.149143
46 ; 0 ; 0.654739
46 ; 1 ; 2.823646
46 ; 2 ; 2.209600
46 ; 3 ; 0.888957
46 ; 4 ; 3.432097
46 ; 5 ; 0.807374
46 ; 6 ; 1.160000
46 ; 7 ; 2.770120
46 ; 8 ; 1.474652
46 ; 9 ; 0.537328
46 ; 10 ; 1.770413
46 ; 11 ; 1.163706
46 ; 12 ; 0.751683
46 ; 13 ; 1.070121
46 ; 14 ; 0.260398
46 ; 15 ; 0.138255
46 ; 16 ; 0.935611
46 ; 17 ; 0.055725
46 ; 18 ; 0.383760
46 ; 19 ; 0.618403
46 ; 20 ; 0.654152
46 ; 21 ; 1.720590
46 ; 22 ; 2.253369
46 ; 23 ; 0.123575
46 ; 24 ; 0.551372
46 ; 25 ; 2.037340
46 ; 26 ; 0.343332
46 ; 27 ; 1.082747
46 ; 28 ; 0.547987
46 ; 29 ; 1.204288
46 ; 30 ; 0.163990
46 ; 31 ; 0.786451
46 ; 32 ; 1.672970
46 ; 33 ; 0.107815
46 ; 34 ; 1.217812
46 ; 35 ; 0.211485
46 ; 36 ; 0.713277
46 ; 37 ; 0.601609
46 ; 38 ; 1.255437
46 ; 39 ; 1.558770
46 ; 40 ; 0.084963
46 ; 41 ; 1.840956
46 ; 42 ; 0.939040
46 ; 43 ; 1.627515
46 ; 44 ; 0.370322
46 ; 45 ; 0.345226
46 ; 46 ; 3.157244
46 ; 47 ; 0.162876
46 ; 48 ; 0.950738
46 ; 49 ; 1.464173
46 ; 50 ; 0.171135
46 ; 51 ; 0.621466
46 ; 52 ; 0.757981
46 ; 53 ; 1.119085
46 ; 54 ; 1.584185
46 ; 55 ; 0.727199
46 ; 56 ; 2.118495
46 ; 57 ; 1.288205
46 ; 58 ; 1.563860
46 ; 59 ; 1.491733
46 ; 60 ; 1.728465
46 ; 61 ; 0.744397
46 ; 62 ; 1.859593
46 ; 63 ; 0.250273
46 ; 64 ; 1.338823
46 ; 65 ; 1.542512
46 ; 66 ; 1.287431
46 ; 67 ; 0.630426
46 ; 68 ; 0.675391
46 ; 69 ; 0.563898
46 ; 70 ; 2.756573
46 ; 71 ; 2.088485
46 ; 72 ; 2.232098
46 ; 73 ; 0.255697
46 ; 74 ; 2.424711
46 ; 75 ; 1.620856
46 ; 76 ; 1.502644
46 ; 77 ; 2.678047
46 ; 78 ; 0.057049
46 ; 79 ; 0.298205
46 ; 80 ; 0.074026
46 ; 81 ; 0.103067
46 ; 82 ; 2.656948
46 ; 83 ; 0.301583
46 ; 84 ; 0.933979
46 ; 85 ; 0.920174
46 ; 86 ; 2.015346
46 ; 87 ; 1.464173
46 ; 88 ; 0.149143
46 ; 89 ; 1.030945
46 ; 90 ; 0.024937
46 ; 91 ; 1.243831
46 ; 92 ; 0.300305
46 ; 93 ; 4.105608
46 ; 94 ; 0.989052
46 ; 95 ; 4.457006
46 ; 96 ; 0.344752
46 ; 97 ; 2.675829
46 ; 98 ; 1.427254
46 ; 99 ; 0.424350
47 ; 0 ; 1.163706
47 ; 1 ; 0.751683
47 ; 2 ; 1.070121
47 ; 3 ; 0.260398
47 ; 4 ; 0.138255
47 ; 5 ; 0.935611
47 ; 6 ; 0.055725
47 ; 7 ; 0.383760
47 ; 8 ; 0.618403
47 ; 9 ; 0.654152
47 ; 10 ; 1.720590
47 ; 11 ; 2.253369
47 ; 12 ; 0.123575
47 ; 13 ; 0.551372
47 ; 14 ; 2.037340
47 ; 15 ; 0.343332
47 ; 16 ; 1.082747
47 ; 17 ; 0.547987
47 ; 18 ; 1.204288
47 ; 19 ; 0.163990
47 ; 20 ; 0.786451
47 ; 21 ; 1.672970
47 ; 22 ; 0.107815
47 ; 23 ; 1.217812
47 ; 24 ; 0.211485
47 ; 25 ; 0.713277
47 ; 26 ; 0.601609
47 ; 27 ; 1.255437
47 ; 28 ; 1.558770
47 ; 29 ; 0.084963
47 ; 30 ; 1.840956
47 ; 31 ; 0.939040
47 ; 32 ; 1.627515
47 ; 33 ; 0.370322
47 ; 34 ; 0.345226
47 ; 35 ; 3.157244
47 ; 36 ; 0.162876
47 ; 37 ; 0.950738
47 ; 38 ; 1.464173
47 ; 39 ; 0.171135
47 ; 40 ; 0.621466
47 ; 41 ; 0.757981
47 ; 42 ; 1.119085
47 ; 43 ; 1.584185
47 ; 44 ; 0.727199
47 ; 45 ; 2.118495
47 ; 46 ; 1.288205
47 ; 47 ; 1.563860
47 ; 48 ; 1.491733
47 ; 49 ; 1.728465
47 ; 50 ; 0.744397
47 ; 51 ; 1.859593
47 ; 52 ; 0.250273
47 ; 53 ; 1.338823
47 ; 54 ; 1.542512
47 ; 55 ; 1.287431
47 ; 56 ; 0.630426
47 ; 57 ; 0.675391
47 ; 58 ; 0.563898
47 ; 59 ; 2.756573
47 ; 60 ; 2.088485
47 ; 61 ; 2.232098
47 ; 62 ; 0.255697
47 ; 63 ; 2.424711
47 ; 64 ; 1.620856
47 ; 65 ; 1.502644
47 ; 66 ; 2.678047
47 ; 67 ; 0.057049
47 ; 68 ; 0.298205
47 ; 69 ; 0.074026
47 ; 70 ; 0.103067
47 ; 71 ; 2.656948
47 ; 72 ; 0.301583
47 ; 73 ; 0.933979
47 ; 74 ; 0.920174
47 ; 75 ; 2.015346
47 ; 76 ; 1.464173
47 ; 77 ; 0.149143
47 ; 78 ; 1.030945
47 ; 79 ; 0.024937
47 ; 80 ; 1.243831
47 ; 81 ; 0.300305
47 ; 82 ; 4.105608
47 ; 83 ; 0.989052
47 ; 84 ; 4.457006
47 ; 85 ; 0.344752
47 ; 86 ; 2.675829
47 ; 87 ; 1.427254
47 ; 88 ; 0.424350
47 ; 89 ; 0.262856
47 ; 90 ; 1.567658
47 ; 91 ; 0.433960
47 ; 92 ; 0.546247
47 ; 93 ; 0.037912
47 ; 94 ; 5.469923
47 ; 95 ; 0.461658
47 ; 96 ; 3.998582
47 ; 97 ; 5.420444
47 ; 98 ; 1.391527
47 ; 99 ; 0.805391
48 ; 0 ; 2.253369
48 ; 1 ; 0.123575
48 ; 2 ; 0.551372
48 ; 3 ; 2.037340
48 ; 4 ; 0.343332
48 ; 5 ; 1.082747
48 ; 6 ; 0.547987
48 ; 7 ; 1.204288
48 ; 8 ; 0.163990
48 ; 9 ; 0.786451
48 ; 10 ; 1.672970
48 ; 11 ; 0.107815
48 ; 12 ; 1.217812
48 ; 13 ; 0.211485
48 ; 14 ; 0.713277
48 ; 15 ; 0.601609
48 ; 16 ; 1.255437
48 ; 17 ; 1.558770
48 ; 18 ; 0.084963
48 ; 19 ; 1.840956
48 ; 20 ; 0.939040
48 ; 21 ; 1.627515
48 ; 22 ; 0.370322
48 ; 23 ; 0.345226
48 ; 24 ; 3.157244
48 ; 25 ; 0.162876
48 ; 26 ; 0.950738
48 ; 27 ; 1.464173
48 ; 28 ; 0.171135
48 ; 29 ; 0.621466
48 ; 30 ; 0.757981
48 ; 31 ; 1.119085
48 ; 32 ; 1.584185
48 ; 33 ; 0.727199
48 ; 34 ; 2.118495
48 ; 35 ; 1.288205
48 ; 36 ; 1.563860
48 ; 37 ; 1.491733
48 ; 38 ; 1.728465
48 ; 39 ; 0.744397
48 ; 40 ; 1.859593
48 ; 41 ; 0.250273
48 ; 42 ; 1.338823
48 ; 43 ; 1.542512
48 ; 44 ; 1.287431
48 ; 45 ; 0.630426
48 ; 46 ; 0.675391
48 ; 47 ; 0.563898
48 ; 48 ; 2.756573
48 ; 49 ; 2.088485
48 ; 50 ; 2.232098
48 ; 51 ; 0.255697
48 ; 52 ; 2.424711
48 ; 53 ; 1.620856
48 ; 54 ; 1.502644
48 ; 55 ; 2.678047
48 ; 56 ; 0.057049
48 ; 57 ; 0.298205
48 ; 58 ; 0.074026
48 ; 59 ; 0.103067
48 ; 60 ; 2.656948
48 ; 61 ; 0.301583
48 ; 62 ; 0.933979
48 ; 63 ; 0.920174
48 ; 64 ; 2.015346
48 ; 65 ; 1.464173
48 ; 66 ; 0.149143
48 ; 67 ; 1.030945
48 ; 68 ; 0.024937
48 ; 69 ; 1.243831
48 ; 70 ; 0.300305
48 ; 71 ; 4.105608
48 ; 72 ; 0.989052
48 ; 73 ; 4.457006
48 ; 74 ; 0.344752
48 ; 75 ; 2.675829
48 ; 76 ; 1.427254
48 ; 77 ; 0.424350
48 ; 78 ; 0.262856
48 ; 79 ; 1.567658
48 ; 80 ; 0.433960
48 ; 81 ; 0.546247
48 ; 82 ; 0.037912
48 ; 83 ; 5.469923
48 ; 84 ; 0.461658
48 ; 85 ; 3.998582
48 ; 86 ; 5.420444
48 ; 87 ; 1.391527
48 ; 88 ; 0.805391
48 ; 89 ; 1.709229
48 ; 90 ; 0.816999
48 ; 91 ; 4.883749
48 ; 92 ; 0.873122
48 ; 93 ; 0.095283
48 ; 94 ; 0.451684
48 ; 95 ; 1.390913
48 ; 96 ; 1.113865
48 ; 97 ; 0.061842
48 ; 98 ; 1.357151
48 ; 99 ; 1.428654
49 ; 0 ; 0.107815
49 ; 1 ; 1.217812
49 ; 2 ; 0.211485
49 ; 3 ; 0.713277
49 ; 4 ; 0.601609
49 ; 5 ; 1.255437
49 ; 6 ; 1.558770
49 ; 7 ; 0.084963
49 ; 8 ; 1.840956
49 ; 9 ; 0.939040
49 ; 10 ; 1.627515
49 ; 11 ; 0.370322
49 ; 12 ; 0.345226
49 ; 13 ; 3.157244
49 ; 14 ; 0.162876
49 ; 15 ; 0.950738
49 ; 16 ; 1.464173
49 ; 17 ; 0.171135
49 ; 18 ; 0.621466
49 ; 19 ; 0.757981
49 ; 20 ; 1.119085
49 ; 21 ; 1.584185
49 ; 22 ; 0.727199
49 ; 23 ; 2.118495
49 ; 24 ; 1.288205
49 ; 25 ; 1.563860
49 ; 26 ; 1.491733
49 ; 27 ; 1.728465
49 ; 28 ; 0.744397
49 ; 29 ; 1.859593
49 ; 30 ; 0.250273
49 ; 31 ; 1.338823
49 ; 32 ; 1.542512
49 ; 33 ; 1.287431
49 ; 34 ; 0.630426
49 ; 35 ; 0.675391
49 ; 36 ; 0.563898
49 ; 37 ; 2.756573
49 ; 38 ; 2.088485
49 ; 39 ; 2.232098
49 ; 40 ; 0.255697
49 ; 41 ; 2.424711
49 ; 42 ; 1.620856
49 ; 43 ; 1.502644
49 ; 44 ; 2.678047
49 ; 45 ; 0.057049
49 ; 46 ; 0.298205
49 ; 47 ; 0.074026
49 ; 48 ; 0.103067
49 ; 49 ; 2.656948
49 ; 50 ; 0.301583
49 ; 51 ; 0.933979
49 ; 52 ; 0.920174
49 ; 53 ; 2.015346
49 ; 54 ; 1.464173
49 ; 55 ; 0.149143
49 ; 56 ; 1.030945
49 ; 57 ; 0.024937
49 ; 58 ; 1.243831
49 ; 59 ; 0.300305
49 ; 60 ; 4.105608
49 ; 61 ; 0.989052
49 ; 62 ; 4.457006
49 ; 63 ; 0.344752
49 ; 64 ; 2.675829
49 ; 65 ; 1.427254
49 ; 66 ; 0.424350
49 ; 67 ; 0.262856
49 ; 68 ; 1.567658
49 ; 69 ; 0.433960
49 ; 70 ; 0.546247
49 ; 71 ; 0.037912
49 ; 72 ; 5.469923
49 ; 73 ; 0.461658
49 ; 74 ; 3.998582
49 ; 75 ; 5.420444
49 ; 76 ; 1.391527
49 ; 77 ; 0.805391
49 ; 78 ; 1.709229
49 ; 79 ; 0.816999
49 ; 80 ; 4.883749
49 ; 81 ; 0.873122
49 ; 82 ; 0.095283
49 ; 83 ; 0.451684
49 ; 84 ; 1.390913
49 ; 85 ; 1.113865
49 ; 86 ; 0.061842
49 ; 87 ; 1.357151
49 ; 88 ; 1.428654
49 ; 89 ; 0.522295
49 ; 90 ; 0.393121
49 ; 91 ; 1.001769
49 ; 92 ; 1.361905
49 ; 93 ; 0.156182
49 ; 94 ; 1.313648
49 ; 95 ; 0.142153
49 ; 96 ; 0.449051
49 ; 97 ; 0.132873
49 ; 98 ; 1.323803
49 ; 99 ; 3.431153
