NumeroUsuario NumeroPeticiones TiempoReflexion
0 ; 0 ; 21.941818
0 ; 1 ; 5.998091
0 ; 2 ; 6.882123
0 ; 3 ; 14.379296
0 ; 4 ; 0.872181
0 ; 5 ; 0.519568
0 ; 6 ; 0.057552
0 ; 7 ; 0.579178
0 ; 8 ; 6.756200
0 ; 9 ; 1.555174
0 ; 10 ; 2.012872
0 ; 11 ; 23.303024
0 ; 12 ; 4.831684
0 ; 13 ; 13.414730
0 ; 14 ; 9.286222
0 ; 15 ; 6.436049
0 ; 16 ; 1.408642
0 ; 17 ; 5.375136
0 ; 18 ; 4.523350
0 ; 19 ; 2.788741
0 ; 20 ; 25.298195
0 ; 21 ; 5.121502
0 ; 22 ; 4.112705
0 ; 23 ; 0.099092
0 ; 24 ; 0.408893
0 ; 25 ; 8.674227
0 ; 26 ; 5.058119
0 ; 27 ; 0.613217
0 ; 28 ; 1.389263
0 ; 29 ; 6.317510
0 ; 30 ; 4.297387
0 ; 31 ; 0.483636
0 ; 32 ; 13.543675
0 ; 33 ; 6.750309
0 ; 34 ; 2.093374
0 ; 35 ; 12.574311
0 ; 36 ; 1.054786
0 ; 37 ; 2.858796
0 ; 38 ; 8.835956
0 ; 39 ; 9.287200
0 ; 40 ; 15.931793
0 ; 41 ; 2.536662
0 ; 42 ; 2.980273
0 ; 43 ; 3.788289
0 ; 44 ; 0.262678
0 ; 45 ; 1.588398
0 ; 46 ; 3.720379
0 ; 47 ; 6.838198
0 ; 48 ; 3.206310
0 ; 49 ; 5.202008
0 ; 50 ; 18.715122
0 ; 51 ; 0.942066
0 ; 52 ; 2.030226
0 ; 53 ; 1.110304
0 ; 54 ; 1.505651
0 ; 55 ; 3.190399
0 ; 56 ; 0.291549
0 ; 57 ; 13.541319
0 ; 58 ; 0.174209
0 ; 59 ; 0.883822
0 ; 60 ; 0.619604
0 ; 61 ; 9.524458
0 ; 62 ; 3.641999
0 ; 63 ; 2.684030
0 ; 64 ; 0.062958
0 ; 65 ; 11.733995
0 ; 66 ; 0.039832
0 ; 67 ; 2.343278
0 ; 68 ; 6.045412
0 ; 69 ; 4.205962
0 ; 70 ; 3.844911
0 ; 71 ; 0.372430
0 ; 72 ; 1.177825
0 ; 73 ; 10.878491
0 ; 74 ; 0.615805
0 ; 75 ; 4.049199
0 ; 76 ; 5.119776
0 ; 77 ; 1.903814
0 ; 78 ; 4.112358
0 ; 79 ; 1.794701
0 ; 80 ; 1.764424
0 ; 81 ; 1.390271
0 ; 82 ; 2.104055
0 ; 83 ; 3.730345
0 ; 84 ; 0.749968
0 ; 85 ; 3.233039
0 ; 86 ; 3.055051
0 ; 87 ; 3.148695
0 ; 88 ; 1.732818
0 ; 89 ; 4.613908
0 ; 90 ; 6.966846
0 ; 91 ; 1.476039
0 ; 92 ; 8.917009
0 ; 93 ; 3.603265
0 ; 94 ; 6.261145
0 ; 95 ; 2.942200
0 ; 96 ; 3.981411
0 ; 97 ; 17.108816
0 ; 98 ; 0.876725
0 ; 99 ; 8.342946
1 ; 0 ; 23.303024
1 ; 1 ; 4.831684
1 ; 2 ; 13.414730
1 ; 3 ; 9.286222
1 ; 4 ; 6.436049
1 ; 5 ; 1.408642
1 ; 6 ; 5.375136
1 ; 7 ; 4.523350
1 ; 8 ; 2.788741
1 ; 9 ; 25.298195
1 ; 10 ; 5.121502
1 ; 11 ; 4.112705
1 ; 12 ; 0.099092
1 ; 13 ; 0.408893
1 ; 14 ; 8.674227
1 ; 15 ; 5.058119
1 ; 16 ; 0.613217
1 ; 17 ; 1.389263
1 ; 18 ; 6.317510
1 ; 19 ; 4.297387
1 ; 20 ; 0.483636
1 ; 21 ; 13.543675
1 ; 22 ; 6.750309
1 ; 23 ; 2.093374
1 ; 24 ; 12.574311
1 ; 25 ; 1.054786
1 ; 26 ; 2.858796
1 ; 27 ; 8.835956
1 ; 28 ; 9.287200
1 ; 29 ; 15.931793
1 ; 30 ; 2.536662
1 ; 31 ; 2.980273
1 ; 32 ; 3.788289
1 ; 33 ; 0.262678
1 ; 34 ; 1.588398
1 ; 35 ; 3.720379
1 ; 36 ; 6.838198
1 ; 37 ; 3.206310
1 ; 38 ; 5.202008
1 ; 39 ; 18.715122
1 ; 40 ; 0.942066
1 ; 41 ; 2.030226
1 ; 42 ; 1.110304
1 ; 43 ; 1.505651
1 ; 44 ; 3.190399
1 ; 45 ; 0.291549
1 ; 46 ; 13.541319
1 ; 47 ; 0.174209
1 ; 48 ; 0.883822
1 ; 49 ; 0.619604
1 ; 50 ; 9.524458
1 ; 51 ; 3.641999
1 ; 52 ; 2.684030
1 ; 53 ; 0.062958
1 ; 54 ; 11.733995
1 ; 55 ; 0.039832
1 ; 56 ; 2.343278
1 ; 57 ; 6.045412
1 ; 58 ; 4.205962
1 ; 59 ; 3.844911
1 ; 60 ; 0.372430
1 ; 61 ; 1.177825
1 ; 62 ; 10.878491
1 ; 63 ; 0.615805
1 ; 64 ; 4.049199
1 ; 65 ; 5.119776
1 ; 66 ; 1.903814
1 ; 67 ; 4.112358
1 ; 68 ; 1.794701
1 ; 69 ; 1.764424
1 ; 70 ; 1.390271
1 ; 71 ; 2.104055
1 ; 72 ; 3.730345
1 ; 73 ; 0.749968
1 ; 74 ; 3.233039
1 ; 75 ; 3.055051
1 ; 76 ; 3.148695
1 ; 77 ; 1.732818
1 ; 78 ; 4.613908
1 ; 79 ; 6.966846
1 ; 80 ; 1.476039
1 ; 81 ; 8.917009
1 ; 82 ; 3.603265
1 ; 83 ; 6.261145
1 ; 84 ; 2.942200
1 ; 85 ; 3.981411
1 ; 86 ; 17.108816
1 ; 87 ; 0.876725
1 ; 88 ; 8.342946
1 ; 89 ; 1.056294
1 ; 90 ; 3.654661
1 ; 91 ; 11.316482
1 ; 92 ; 25.109493
1 ; 93 ; 4.187947
1 ; 94 ; 0.426810
1 ; 95 ; 8.749166
1 ; 96 ; 1.365948
1 ; 97 ; 0.161269
1 ; 98 ; 0.824988
1 ; 99 ; 0.094581
2 ; 0 ; 4.112705
2 ; 1 ; 0.099092
2 ; 2 ; 0.408893
2 ; 3 ; 8.674227
2 ; 4 ; 5.058119
2 ; 5 ; 0.613217
2 ; 6 ; 1.389263
2 ; 7 ; 6.317510
2 ; 8 ; 4.297387
2 ; 9 ; 0.483636
2 ; 10 ; 13.543675
2 ; 11 ; 6.750309
2 ; 12 ; 2.093374
2 ; 13 ; 12.574311
2 ; 14 ; 1.054786
2 ; 15 ; 2.858796
2 ; 16 ; 8.835956
2 ; 17 ; 9.287200
2 ; 18 ; 15.931793
2 ; 19 ; 2.536662
2 ; 20 ; 2.980273
2 ; 21 ; 3.788289
2 ; 22 ; 0.262678
2 ; 23 ; 1.588398
2 ; 24 ; 3.720379
2 ; 25 ; 6.838198
2 ; 26 ; 3.206310
2 ; 27 ; 5.202008
2 ; 28 ; 18.715122
2 ; 29 ; 0.942066
2 ; 30 ; 2.030226
2 ; 31 ; 1.110304
2 ; 32 ; 1.505651
2 ; 33 ; 3.190399
2 ; 34 ; 0.291549
2 ; 35 ; 13.541319
2 ; 36 ; 0.174209
2 ; 37 ; 0.883822
2 ; 38 ; 0.619604
2 ; 39 ; 9.524458
2 ; 40 ; 3.641999
2 ; 41 ; 2.684030
2 ; 42 ; 0.062958
2 ; 43 ; 11.733995
2 ; 44 ; 0.039832
2 ; 45 ; 2.343278
2 ; 46 ; 6.045412
2 ; 47 ; 4.205962
2 ; 48 ; 3.844911
2 ; 49 ; 0.372430
2 ; 50 ; 1.177825
2 ; 51 ; 10.878491
2 ; 52 ; 0.615805
2 ; 53 ; 4.049199
2 ; 54 ; 5.119776
2 ; 55 ; 1.903814
2 ; 56 ; 4.112358
2 ; 57 ; 1.794701
2 ; 58 ; 1.764424
2 ; 59 ; 1.390271
2 ; 60 ; 2.104055
2 ; 61 ; 3.730345
2 ; 62 ; 0.749968
2 ; 63 ; 3.233039
2 ; 64 ; 3.055051
2 ; 65 ; 3.148695
2 ; 66 ; 1.732818
2 ; 67 ; 4.613908
2 ; 68 ; 6.966846
2 ; 69 ; 1.476039
2 ; 70 ; 8.917009
2 ; 71 ; 3.603265
2 ; 72 ; 6.261145
2 ; 73 ; 2.942200
2 ; 74 ; 3.981411
2 ; 75 ; 17.108816
2 ; 76 ; 0.876725
2 ; 77 ; 8.342946
2 ; 78 ; 1.056294
2 ; 79 ; 3.654661
2 ; 80 ; 11.316482
2 ; 81 ; 25.109493
2 ; 82 ; 4.187947
2 ; 83 ; 0.426810
2 ; 84 ; 8.749166
2 ; 85 ; 1.365948
2 ; 86 ; 0.161269
2 ; 87 ; 0.824988
2 ; 88 ; 0.094581
2 ; 89 ; 1.679798
2 ; 90 ; 3.842936
2 ; 91 ; 0.841211
2 ; 92 ; 4.850569
2 ; 93 ; 2.984706
2 ; 94 ; 1.163170
2 ; 95 ; 13.234966
2 ; 96 ; 0.505536
2 ; 97 ; 0.773959
2 ; 98 ; 1.281047
2 ; 99 ; 1.093755
3 ; 0 ; 6.750309
3 ; 1 ; 2.093374
3 ; 2 ; 12.574311
3 ; 3 ; 1.054786
3 ; 4 ; 2.858796
3 ; 5 ; 8.835956
3 ; 6 ; 9.287200
3 ; 7 ; 15.931793
3 ; 8 ; 2.536662
3 ; 9 ; 2.980273
3 ; 10 ; 3.788289
3 ; 11 ; 0.262678
3 ; 12 ; 1.588398
3 ; 13 ; 3.720379
3 ; 14 ; 6.838198
3 ; 15 ; 3.206310
3 ; 16 ; 5.202008
3 ; 17 ; 18.715122
3 ; 18 ; 0.942066
3 ; 19 ; 2.030226
3 ; 20 ; 1.110304
3 ; 21 ; 1.505651
3 ; 22 ; 3.190399
3 ; 23 ; 0.291549
3 ; 24 ; 13.541319
3 ; 25 ; 0.174209
3 ; 26 ; 0.883822
3 ; 27 ; 0.619604
3 ; 28 ; 9.524458
3 ; 29 ; 3.641999
3 ; 30 ; 2.684030
3 ; 31 ; 0.062958
3 ; 32 ; 11.733995
3 ; 33 ; 0.039832
3 ; 34 ; 2.343278
3 ; 35 ; 6.045412
3 ; 36 ; 4.205962
3 ; 37 ; 3.844911
3 ; 38 ; 0.372430
3 ; 39 ; 1.177825
3 ; 40 ; 10.878491
3 ; 41 ; 0.615805
3 ; 42 ; 4.049199
3 ; 43 ; 5.119776
3 ; 44 ; 1.903814
3 ; 45 ; 4.112358
3 ; 46 ; 1.794701
3 ; 47 ; 1.764424
3 ; 48 ; 1.390271
3 ; 49 ; 2.104055
3 ; 50 ; 3.730345
3 ; 51 ; 0.749968
3 ; 52 ; 3.233039
3 ; 53 ; 3.055051
3 ; 54 ; 3.148695
3 ; 55 ; 1.732818
3 ; 56 ; 4.613908
3 ; 57 ; 6.966846
3 ; 58 ; 1.476039
3 ; 59 ; 8.917009
3 ; 60 ; 3.603265
3 ; 61 ; 6.261145
3 ; 62 ; 2.942200
3 ; 63 ; 3.981411
3 ; 64 ; 17.108816
3 ; 65 ; 0.876725
3 ; 66 ; 8.342946
3 ; 67 ; 1.056294
3 ; 68 ; 3.654661
3 ; 69 ; 11.316482
3 ; 70 ; 25.109493
3 ; 71 ; 4.187947
3 ; 72 ; 0.426810
3 ; 73 ; 8.749166
3 ; 74 ; 1.365948
3 ; 75 ; 0.161269
3 ; 76 ; 0.824988
3 ; 77 ; 0.094581
3 ; 78 ; 1.679798
3 ; 79 ; 3.842936
3 ; 80 ; 0.841211
3 ; 81 ; 4.850569
3 ; 82 ; 2.984706
3 ; 83 ; 1.163170
3 ; 84 ; 13.234966
3 ; 85 ; 0.505536
3 ; 86 ; 0.773959
3 ; 87 ; 1.281047
3 ; 88 ; 1.093755
3 ; 89 ; 2.279561
3 ; 90 ; 0.267667
3 ; 91 ; 0.972001
3 ; 92 ; 1.901358
3 ; 93 ; 5.614148
3 ; 94 ; 8.497487
3 ; 95 ; 4.445527
3 ; 96 ; 4.826873
3 ; 97 ; 0.875452
3 ; 98 ; 0.723269
3 ; 99 ; 2.839373
4 ; 0 ; 0.262678
4 ; 1 ; 1.588398
4 ; 2 ; 3.720379
4 ; 3 ; 6.838198
4 ; 4 ; 3.206310
4 ; 5 ; 5.202008
4 ; 6 ; 18.715122
4 ; 7 ; 0.942066
4 ; 8 ; 2.030226
4 ; 9 ; 1.110304
4 ; 10 ; 1.505651
4 ; 11 ; 3.190399
4 ; 12 ; 0.291549
4 ; 13 ; 13.541319
4 ; 14 ; 0.174209
4 ; 15 ; 0.883822
4 ; 16 ; 0.619604
4 ; 17 ; 9.524458
4 ; 18 ; 3.641999
4 ; 19 ; 2.684030
4 ; 20 ; 0.062958
4 ; 21 ; 11.733995
4 ; 22 ; 0.039832
4 ; 23 ; 2.343278
4 ; 24 ; 6.045412
4 ; 25 ; 4.205962
4 ; 26 ; 3.844911
4 ; 27 ; 0.372430
4 ; 28 ; 1.177825
4 ; 29 ; 10.878491
4 ; 30 ; 0.615805
4 ; 31 ; 4.049199
4 ; 32 ; 5.119776
4 ; 33 ; 1.903814
4 ; 34 ; 4.112358
4 ; 35 ; 1.794701
4 ; 36 ; 1.764424
4 ; 37 ; 1.390271
4 ; 38 ; 2.104055
4 ; 39 ; 3.730345
4 ; 40 ; 0.749968
4 ; 41 ; 3.233039
4 ; 42 ; 3.055051
4 ; 43 ; 3.148695
4 ; 44 ; 1.732818
4 ; 45 ; 4.613908
4 ; 46 ; 6.966846
4 ; 47 ; 1.476039
4 ; 48 ; 8.917009
4 ; 49 ; 3.603265
4 ; 50 ; 6.261145
4 ; 51 ; 2.942200
4 ; 52 ; 3.981411
4 ; 53 ; 17.108816
4 ; 54 ; 0.876725
4 ; 55 ; 8.342946
4 ; 56 ; 1.056294
4 ; 57 ; 3.654661
4 ; 58 ; 11.316482
4 ; 59 ; 25.109493
4 ; 60 ; 4.187947
4 ; 61 ; 0.426810
4 ; 62 ; 8.749166
4 ; 63 ; 1.365948
4 ; 64 ; 0.161269
4 ; 65 ; 0.824988
4 ; 66 ; 0.094581
4 ; 67 ; 1.679798
4 ; 68 ; 3.842936
4 ; 69 ; 0.841211
4 ; 70 ; 4.850569
4 ; 71 ; 2.984706
4 ; 72 ; 1.163170
4 ; 73 ; 13.234966
4 ; 74 ; 0.505536
4 ; 75 ; 0.773959
4 ; 76 ; 1.281047
4 ; 77 ; 1.093755
4 ; 78 ; 2.279561
4 ; 79 ; 0.267667
4 ; 80 ; 0.972001
4 ; 81 ; 1.901358
4 ; 82 ; 5.614148
4 ; 83 ; 8.497487
4 ; 84 ; 4.445527
4 ; 85 ; 4.826873
4 ; 86 ; 0.875452
4 ; 87 ; 0.723269
4 ; 88 ; 2.839373
4 ; 89 ; 15.393188
4 ; 90 ; 8.545302
4 ; 91 ; 8.492480
4 ; 92 ; 3.248502
4 ; 93 ; 6.516292
4 ; 94 ; 1.022107
4 ; 95 ; 17.594254
4 ; 96 ; 1.849623
4 ; 97 ; 1.274742
4 ; 98 ; 0.673263
4 ; 99 ; 5.115943
5 ; 0 ; 3.190399
5 ; 1 ; 0.291549
5 ; 2 ; 13.541319
5 ; 3 ; 0.174209
5 ; 4 ; 0.883822
5 ; 5 ; 0.619604
5 ; 6 ; 9.524458
5 ; 7 ; 3.641999
5 ; 8 ; 2.684030
5 ; 9 ; 0.062958
5 ; 10 ; 11.733995
5 ; 11 ; 0.039832
5 ; 12 ; 2.343278
5 ; 13 ; 6.045412
5 ; 14 ; 4.205962
5 ; 15 ; 3.844911
5 ; 16 ; 0.372430
5 ; 17 ; 1.177825
5 ; 18 ; 10.878491
5 ; 19 ; 0.615805
5 ; 20 ; 4.049199
5 ; 21 ; 5.119776
5 ; 22 ; 1.903814
5 ; 23 ; 4.112358
5 ; 24 ; 1.794701
5 ; 25 ; 1.764424
5 ; 26 ; 1.390271
5 ; 27 ; 2.104055
5 ; 28 ; 3.730345
5 ; 29 ; 0.749968
5 ; 30 ; 3.233039
5 ; 31 ; 3.055051
5 ; 32 ; 3.148695
5 ; 33 ; 1.732818
5 ; 34 ; 4.613908
5 ; 35 ; 6.966846
5 ; 36 ; 1.476039
5 ; 37 ; 8.917009
5 ; 38 ; 3.603265
5 ; 39 ; 6.261145
5 ; 40 ; 2.942200
5 ; 41 ; 3.981411
5 ; 42 ; 17.108816
5 ; 43 ; 0.876725
5 ; 44 ; 8.342946
5 ; 45 ; 1.056294
5 ; 46 ; 3.654661
5 ; 47 ; 11.316482
5 ; 48 ; 25.109493
5 ; 49 ; 4.187947
5 ; 50 ; 0.426810
5 ; 51 ; 8.749166
5 ; 52 ; 1.365948
5 ; 53 ; 0.161269
5 ; 54 ; 0.824988
5 ; 55 ; 0.094581
5 ; 56 ; 1.679798
5 ; 57 ; 3.842936
5 ; 58 ; 0.841211
5 ; 59 ; 4.850569
5 ; 60 ; 2.984706
5 ; 61 ; 1.163170
5 ; 62 ; 13.234966
5 ; 63 ; 0.505536
5 ; 64 ; 0.773959
5 ; 65 ; 1.281047
5 ; 66 ; 1.093755
5 ; 67 ; 2.279561
5 ; 68 ; 0.267667
5 ; 69 ; 0.972001
5 ; 70 ; 1.901358
5 ; 71 ; 5.614148
5 ; 72 ; 8.497487
5 ; 73 ; 4.445527
5 ; 74 ; 4.826873
5 ; 75 ; 0.875452
5 ; 76 ; 0.723269
5 ; 77 ; 2.839373
5 ; 78 ; 15.393188
5 ; 79 ; 8.545302
5 ; 80 ; 8.492480
5 ; 81 ; 3.248502
5 ; 82 ; 6.516292
5 ; 83 ; 1.022107
5 ; 84 ; 17.594254
5 ; 85 ; 1.849623
5 ; 86 ; 1.274742
5 ; 87 ; 0.673263
5 ; 88 ; 5.115943
5 ; 89 ; 3.902194
5 ; 90 ; 4.406697
5 ; 91 ; 3.056738
5 ; 92 ; 5.098145
5 ; 93 ; 7.617145
5 ; 94 ; 4.021496
5 ; 95 ; 2.167208
5 ; 96 ; 36.308414
5 ; 97 ; 1.708707
5 ; 98 ; 0.623578
5 ; 99 ; 9.413939
6 ; 0 ; 0.039832
6 ; 1 ; 2.343278
6 ; 2 ; 6.045412
6 ; 3 ; 4.205962
6 ; 4 ; 3.844911
6 ; 5 ; 0.372430
6 ; 6 ; 1.177825
6 ; 7 ; 10.878491
6 ; 8 ; 0.615805
6 ; 9 ; 4.049199
6 ; 10 ; 5.119776
6 ; 11 ; 1.903814
6 ; 12 ; 4.112358
6 ; 13 ; 1.794701
6 ; 14 ; 1.764424
6 ; 15 ; 1.390271
6 ; 16 ; 2.104055
6 ; 17 ; 3.730345
6 ; 18 ; 0.749968
6 ; 19 ; 3.233039
6 ; 20 ; 3.055051
6 ; 21 ; 3.148695
6 ; 22 ; 1.732818
6 ; 23 ; 4.613908
6 ; 24 ; 6.966846
6 ; 25 ; 1.476039
6 ; 26 ; 8.917009
6 ; 27 ; 3.603265
6 ; 28 ; 6.261145
6 ; 29 ; 2.942200
6 ; 30 ; 3.981411
6 ; 31 ; 17.108816
6 ; 32 ; 0.876725
6 ; 33 ; 8.342946
6 ; 34 ; 1.056294
6 ; 35 ; 3.654661
6 ; 36 ; 11.316482
6 ; 37 ; 25.109493
6 ; 38 ; 4.187947
6 ; 39 ; 0.426810
6 ; 40 ; 8.749166
6 ; 41 ; 1.365948
6 ; 42 ; 0.161269
6 ; 43 ; 0.824988
6 ; 44 ; 0.094581
6 ; 45 ; 1.679798
6 ; 46 ; 3.842936
6 ; 47 ; 0.841211
6 ; 48 ; 4.850569
6 ; 49 ; 2.984706
6 ; 50 ; 1.163170
6 ; 51 ; 13.234966
6 ; 52 ; 0.505536
6 ; 53 ; 0.773959
6 ; 54 ; 1.281047
6 ; 55 ; 1.093755
6 ; 56 ; 2.279561
6 ; 57 ; 0.267667
6 ; 58 ; 0.972001
6 ; 59 ; 1.901358
6 ; 60 ; 5.614148
6 ; 61 ; 8.497487
6 ; 62 ; 4.445527
6 ; 63 ; 4.826873
6 ; 64 ; 0.875452
6 ; 65 ; 0.723269
6 ; 66 ; 2.839373
6 ; 67 ; 15.393188
6 ; 68 ; 8.545302
6 ; 69 ; 8.492480
6 ; 70 ; 3.248502
6 ; 71 ; 6.516292
6 ; 72 ; 1.022107
6 ; 73 ; 17.594254
6 ; 74 ; 1.849623
6 ; 75 ; 1.274742
6 ; 76 ; 0.673263
6 ; 77 ; 5.115943
6 ; 78 ; 3.902194
6 ; 79 ; 4.406697
6 ; 80 ; 3.056738
6 ; 81 ; 5.098145
6 ; 82 ; 7.617145
6 ; 83 ; 4.021496
6 ; 84 ; 2.167208
6 ; 85 ; 36.308414
6 ; 86 ; 1.708707
6 ; 87 ; 0.623578
6 ; 88 ; 9.413939
6 ; 89 ; 0.694257
6 ; 90 ; 2.173567
6 ; 91 ; 0.514153
6 ; 92 ; 8.065841
6 ; 93 ; 9.031810
6 ; 94 ; 12.648443
6 ; 95 ; 6.604699
6 ; 96 ; 5.845476
6 ; 97 ; 2.183948
6 ; 98 ; 0.574554
6 ; 99 ; 0.283306
7 ; 0 ; 1.903814
7 ; 1 ; 4.112358
7 ; 2 ; 1.794701
7 ; 3 ; 1.764424
7 ; 4 ; 1.390271
7 ; 5 ; 2.104055
7 ; 6 ; 3.730345
7 ; 7 ; 0.749968
7 ; 8 ; 3.233039
7 ; 9 ; 3.055051
7 ; 10 ; 3.148695
7 ; 11 ; 1.732818
7 ; 12 ; 4.613908
7 ; 13 ; 6.966846
7 ; 14 ; 1.476039
7 ; 15 ; 8.917009
7 ; 16 ; 3.603265
7 ; 17 ; 6.261145
7 ; 18 ; 2.942200
7 ; 19 ; 3.981411
7 ; 20 ; 17.108816
7 ; 21 ; 0.876725
7 ; 22 ; 8.342946
7 ; 23 ; 1.056294
7 ; 24 ; 3.654661
7 ; 25 ; 11.316482
7 ; 26 ; 25.109493
7 ; 27 ; 4.187947
7 ; 28 ; 0.426810
7 ; 29 ; 8.749166
7 ; 30 ; 1.365948
7 ; 31 ; 0.161269
7 ; 32 ; 0.824988
7 ; 33 ; 0.094581
7 ; 34 ; 1.679798
7 ; 35 ; 3.842936
7 ; 36 ; 0.841211
7 ; 37 ; 4.850569
7 ; 38 ; 2.984706
7 ; 39 ; 1.163170
7 ; 40 ; 13.234966
7 ; 41 ; 0.505536
7 ; 42 ; 0.773959
7 ; 43 ; 1.281047
7 ; 44 ; 1.093755
7 ; 45 ; 2.279561
7 ; 46 ; 0.267667
7 ; 47 ; 0.972001
7 ; 48 ; 1.901358
7 ; 49 ; 5.614148
7 ; 50 ; 8.497487
7 ; 51 ; 4.445527
7 ; 52 ; 4.826873
7 ; 53 ; 0.875452
7 ; 54 ; 0.723269
7 ; 55 ; 2.839373
7 ; 56 ; 15.393188
7 ; 57 ; 8.545302
7 ; 58 ; 8.492480
7 ; 59 ; 3.248502
7 ; 60 ; 6.516292
7 ; 61 ; 1.022107
7 ; 62 ; 17.594254
7 ; 63 ; 1.849623
7 ; 64 ; 1.274742
7 ; 65 ; 0.673263
7 ; 66 ; 5.115943
7 ; 67 ; 3.902194
7 ; 68 ; 4.406697
7 ; 69 ; 3.056738
7 ; 70 ; 5.098145
7 ; 71 ; 7.617145
7 ; 72 ; 4.021496
7 ; 73 ; 2.167208
7 ; 74 ; 36.308414
7 ; 75 ; 1.708707
7 ; 76 ; 0.623578
7 ; 77 ; 9.413939
7 ; 78 ; 0.694257
7 ; 79 ; 2.173567
7 ; 80 ; 0.514153
7 ; 81 ; 8.065841
7 ; 82 ; 9.031810
7 ; 83 ; 12.648443
7 ; 84 ; 6.604699
7 ; 85 ; 5.845476
7 ; 86 ; 2.183948
7 ; 87 ; 0.574554
7 ; 88 ; 0.283306
7 ; 89 ; 6.320210
7 ; 90 ; 0.635520
7 ; 91 ; 6.698775
7 ; 92 ; 16.375587
7 ; 93 ; 11.010598
7 ; 94 ; 1.698195
7 ; 95 ; 0.607873
7 ; 96 ; 2.385392
7 ; 97 ; 2.709412
7 ; 98 ; 0.525836
7 ; 99 ; 1.521342
8 ; 0 ; 1.732818
8 ; 1 ; 4.613908
8 ; 2 ; 6.966846
8 ; 3 ; 1.476039
8 ; 4 ; 8.917009
8 ; 5 ; 3.603265
8 ; 6 ; 6.261145
8 ; 7 ; 2.942200
8 ; 8 ; 3.981411
8 ; 9 ; 17.108816
8 ; 10 ; 0.876725
8 ; 11 ; 8.342946
8 ; 12 ; 1.056294
8 ; 13 ; 3.654661
8 ; 14 ; 11.316482
8 ; 15 ; 25.109493
8 ; 16 ; 4.187947
8 ; 17 ; 0.426810
8 ; 18 ; 8.749166
8 ; 19 ; 1.365948
8 ; 20 ; 0.161269
8 ; 21 ; 0.824988
8 ; 22 ; 0.094581
8 ; 23 ; 1.679798
8 ; 24 ; 3.842936
8 ; 25 ; 0.841211
8 ; 26 ; 4.850569
8 ; 27 ; 2.984706
8 ; 28 ; 1.163170
8 ; 29 ; 13.234966
8 ; 30 ; 0.505536
8 ; 31 ; 0.773959
8 ; 32 ; 1.281047
8 ; 33 ; 1.093755
8 ; 34 ; 2.279561
8 ; 35 ; 0.267667
8 ; 36 ; 0.972001
8 ; 37 ; 1.901358
8 ; 38 ; 5.614148
8 ; 39 ; 8.497487
8 ; 40 ; 4.445527
8 ; 41 ; 4.826873
8 ; 42 ; 0.875452
8 ; 43 ; 0.723269
8 ; 44 ; 2.839373
8 ; 45 ; 15.393188
8 ; 46 ; 8.545302
8 ; 47 ; 8.492480
8 ; 48 ; 3.248502
8 ; 49 ; 6.516292
8 ; 50 ; 1.022107
8 ; 51 ; 17.594254
8 ; 52 ; 1.849623
8 ; 53 ; 1.274742
8 ; 54 ; 0.673263
8 ; 55 ; 5.115943
8 ; 56 ; 3.902194
8 ; 57 ; 4.406697
8 ; 58 ; 3.056738
8 ; 59 ; 5.098145
8 ; 60 ; 7.617145
8 ; 61 ; 4.021496
8 ; 62 ; 2.167208
8 ; 63 ; 36.308414
8 ; 64 ; 1.708707
8 ; 65 ; 0.623578
8 ; 66 ; 9.413939
8 ; 67 ; 0.694257
8 ; 68 ; 2.173567
8 ; 69 ; 0.514153
8 ; 70 ; 8.065841
8 ; 71 ; 9.031810
8 ; 72 ; 12.648443
8 ; 73 ; 6.604699
8 ; 74 ; 5.845476
8 ; 75 ; 2.183948
8 ; 76 ; 0.574554
8 ; 77 ; 0.283306
8 ; 78 ; 6.320210
8 ; 79 ; 0.635520
8 ; 80 ; 6.698775
8 ; 81 ; 16.375587
8 ; 82 ; 11.010598
8 ; 83 ; 1.698195
8 ; 84 ; 0.607873
8 ; 85 ; 2.385392
8 ; 86 ; 2.709412
8 ; 87 ; 0.525836
8 ; 88 ; 1.521342
8 ; 89 ; 1.821647
8 ; 90 ; 10.865068
8 ; 91 ; 2.377530
8 ; 92 ; 0.659837
8 ; 93 ; 14.333487
8 ; 94 ; 5.331067
8 ; 95 ; 3.424554
8 ; 96 ; 0.359788
8 ; 97 ; 3.296360
8 ; 98 ; 0.477757
8 ; 99 ; 3.170796
9 ; 0 ; 8.342946
9 ; 1 ; 1.056294
9 ; 2 ; 3.654661
9 ; 3 ; 11.316482
9 ; 4 ; 25.109493
9 ; 5 ; 4.187947
9 ; 6 ; 0.426810
9 ; 7 ; 8.749166
9 ; 8 ; 1.365948
9 ; 9 ; 0.161269
9 ; 10 ; 0.824988
9 ; 11 ; 0.094581
9 ; 12 ; 1.679798
9 ; 13 ; 3.842936
9 ; 14 ; 0.841211
9 ; 15 ; 4.850569
9 ; 16 ; 2.984706
9 ; 17 ; 1.163170
9 ; 18 ; 13.234966
9 ; 19 ; 0.505536
9 ; 20 ; 0.773959
9 ; 21 ; 1.281047
9 ; 22 ; 1.093755
9 ; 23 ; 2.279561
9 ; 24 ; 0.267667
9 ; 25 ; 0.972001
9 ; 26 ; 1.901358
9 ; 27 ; 5.614148
9 ; 28 ; 8.497487
9 ; 29 ; 4.445527
9 ; 30 ; 4.826873
9 ; 31 ; 0.875452
9 ; 32 ; 0.723269
9 ; 33 ; 2.839373
9 ; 34 ; 15.393188
9 ; 35 ; 8.545302
9 ; 36 ; 8.492480
9 ; 37 ; 3.248502
9 ; 38 ; 6.516292
9 ; 39 ; 1.022107
9 ; 40 ; 17.594254
9 ; 41 ; 1.849623
9 ; 42 ; 1.274742
9 ; 43 ; 0.673263
9 ; 44 ; 5.115943
9 ; 45 ; 3.902194
9 ; 46 ; 4.406697
9 ; 47 ; 3.056738
9 ; 48 ; 5.098145
9 ; 49 ; 7.617145
9 ; 50 ; 4.021496
9 ; 51 ; 2.167208
9 ; 52 ; 36.308414
9 ; 53 ; 1.708707
9 ; 54 ; 0.623578
9 ; 55 ; 9.413939
9 ; 56 ; 0.694257
9 ; 57 ; 2.173567
9 ; 58 ; 0.514153
9 ; 59 ; 8.065841
9 ; 60 ; 9.031810
9 ; 61 ; 12.648443
9 ; 62 ; 6.604699
9 ; 63 ; 5.845476
9 ; 64 ; 2.183948
9 ; 65 ; 0.574554
9 ; 66 ; 0.283306
9 ; 67 ; 6.320210
9 ; 68 ; 0.635520
9 ; 69 ; 6.698775
9 ; 70 ; 16.375587
9 ; 71 ; 11.010598
9 ; 72 ; 1.698195
9 ; 73 ; 0.607873
9 ; 74 ; 2.385392
9 ; 75 ; 2.709412
9 ; 76 ; 0.525836
9 ; 77 ; 1.521342
9 ; 78 ; 1.821647
9 ; 79 ; 10.865068
9 ; 80 ; 2.377530
9 ; 81 ; 0.659837
9 ; 82 ; 14.333487
9 ; 83 ; 5.331067
9 ; 84 ; 3.424554
9 ; 85 ; 0.359788
9 ; 86 ; 3.296360
9 ; 87 ; 0.477757
9 ; 88 ; 3.170796
9 ; 89 ; 11.183294
9 ; 90 ; 5.291779
9 ; 91 ; 0.094736
9 ; 92 ; 1.678090
9 ; 93 ; 28.763931
9 ; 94 ; 0.118274
9 ; 95 ; 10.488214
9 ; 96 ; 7.125470
9 ; 97 ; 3.961489
9 ; 98 ; 0.429968
9 ; 99 ; 5.648975
10 ; 0 ; 0.094581
10 ; 1 ; 1.679798
10 ; 2 ; 3.842936
10 ; 3 ; 0.841211
10 ; 4 ; 4.850569
10 ; 5 ; 2.984706
10 ; 6 ; 1.163170
10 ; 7 ; 13.234966
10 ; 8 ; 0.505536
10 ; 9 ; 0.773959
10 ; 10 ; 1.281047
10 ; 11 ; 1.093755
10 ; 12 ; 2.279561
10 ; 13 ; 0.267667
10 ; 14 ; 0.972001
10 ; 15 ; 1.901358
10 ; 16 ; 5.614148
10 ; 17 ; 8.497487
10 ; 18 ; 4.445527
10 ; 19 ; 4.826873
10 ; 20 ; 0.875452
10 ; 21 ; 0.723269
10 ; 22 ; 2.839373
10 ; 23 ; 15.393188
10 ; 24 ; 8.545302
10 ; 25 ; 8.492480
10 ; 26 ; 3.248502
10 ; 27 ; 6.516292
10 ; 28 ; 1.022107
10 ; 29 ; 17.594254
10 ; 30 ; 1.849623
10 ; 31 ; 1.274742
10 ; 32 ; 0.673263
10 ; 33 ; 5.115943
10 ; 34 ; 3.902194
10 ; 35 ; 4.406697
10 ; 36 ; 3.056738
10 ; 37 ; 5.098145
10 ; 38 ; 7.617145
10 ; 39 ; 4.021496
10 ; 40 ; 2.167208
10 ; 41 ; 36.308414
10 ; 42 ; 1.708707
10 ; 43 ; 0.623578
10 ; 44 ; 9.413939
10 ; 45 ; 0.694257
10 ; 46 ; 2.173567
10 ; 47 ; 0.514153
10 ; 48 ; 8.065841
10 ; 49 ; 9.031810
10 ; 50 ; 12.648443
10 ; 51 ; 6.604699
10 ; 52 ; 5.845476
10 ; 53 ; 2.183948
10 ; 54 ; 0.574554
10 ; 55 ; 0.283306
10 ; 56 ; 6.320210
10 ; 57 ; 0.635520
10 ; 58 ; 6.698775
10 ; 59 ; 16.375587
10 ; 60 ; 11.010598
10 ; 61 ; 1.698195
10 ; 62 ; 0.607873
10 ; 63 ; 2.385392
10 ; 64 ; 2.709412
10 ; 65 ; 0.525836
10 ; 66 ; 1.521342
10 ; 67 ; 1.821647
10 ; 68 ; 10.865068
10 ; 69 ; 2.377530
10 ; 70 ; 0.659837
10 ; 71 ; 14.333487
10 ; 72 ; 5.331067
10 ; 73 ; 3.424554
10 ; 74 ; 0.359788
10 ; 75 ; 3.296360
10 ; 76 ; 0.477757
10 ; 77 ; 3.170796
10 ; 78 ; 11.183294
10 ; 79 ; 5.291779
10 ; 80 ; 0.094736
10 ; 81 ; 1.678090
10 ; 82 ; 28.763931
10 ; 83 ; 0.118274
10 ; 84 ; 10.488214
10 ; 85 ; 7.125470
10 ; 86 ; 3.961489
10 ; 87 ; 0.429968
10 ; 88 ; 5.648975
10 ; 89 ; 3.279278
10 ; 90 ; 2.721495
10 ; 91 ; 5.381399
10 ; 92 ; 2.958167
10 ; 93 ; 0.258981
10 ; 94 ; 2.480212
10 ; 95 ; 1.496168
10 ; 96 ; 2.985261
10 ; 97 ; 4.728874
10 ; 98 ; 0.382798
10 ; 99 ; 10.778688
11 ; 0 ; 1.093755
11 ; 1 ; 2.279561
11 ; 2 ; 0.267667
11 ; 3 ; 0.972001
11 ; 4 ; 1.901358
11 ; 5 ; 5.614148
11 ; 6 ; 8.497487
11 ; 7 ; 4.445527
11 ; 8 ; 4.826873
11 ; 9 ; 0.875452
11 ; 10 ; 0.723269
11 ; 11 ; 2.839373
11 ; 12 ; 15.393188
11 ; 13 ; 8.545302
11 ; 14 ; 8.492480
11 ; 15 ; 3.248502
11 ; 16 ; 6.516292
11 ; 17 ; 1.022107
11 ; 18 ; 17.594254
11 ; 19 ; 1.849623
11 ; 20 ; 1.274742
11 ; 21 ; 0.673263
11 ; 22 ; 5.115943
11 ; 23 ; 3.902194
11 ; 24 ; 4.406697
11 ; 25 ; 3.056738
11 ; 26 ; 5.098145
11 ; 27 ; 7.617145
11 ; 28 ; 4.021496
11 ; 29 ; 2.167208
11 ; 30 ; 36.308414
11 ; 31 ; 1.708707
11 ; 32 ; 0.623578
11 ; 33 ; 9.413939
11 ; 34 ; 0.694257
11 ; 35 ; 2.173567
11 ; 36 ; 0.514153
11 ; 37 ; 8.065841
11 ; 38 ; 9.031810
11 ; 39 ; 12.648443
11 ; 40 ; 6.604699
11 ; 41 ; 5.845476
11 ; 42 ; 2.183948
11 ; 43 ; 0.574554
11 ; 44 ; 0.283306
11 ; 45 ; 6.320210
11 ; 46 ; 0.635520
11 ; 47 ; 6.698775
11 ; 48 ; 16.375587
11 ; 49 ; 11.010598
11 ; 50 ; 1.698195
11 ; 51 ; 0.607873
11 ; 52 ; 2.385392
11 ; 53 ; 2.709412
11 ; 54 ; 0.525836
11 ; 55 ; 1.521342
11 ; 56 ; 1.821647
11 ; 57 ; 10.865068
11 ; 58 ; 2.377530
11 ; 59 ; 0.659837
11 ; 60 ; 14.333487
11 ; 61 ; 5.331067
11 ; 62 ; 3.424554
11 ; 63 ; 0.359788
11 ; 64 ; 3.296360
11 ; 65 ; 0.477757
11 ; 66 ; 3.170796
11 ; 67 ; 11.183294
11 ; 68 ; 5.291779
11 ; 69 ; 0.094736
11 ; 70 ; 1.678090
11 ; 71 ; 28.763931
11 ; 72 ; 0.118274
11 ; 73 ; 10.488214
11 ; 74 ; 7.125470
11 ; 75 ; 3.961489
11 ; 76 ; 0.429968
11 ; 77 ; 5.648975
11 ; 78 ; 3.279278
11 ; 79 ; 2.721495
11 ; 80 ; 5.381399
11 ; 81 ; 2.958167
11 ; 82 ; 0.258981
11 ; 83 ; 2.480212
11 ; 84 ; 1.496168
11 ; 85 ; 2.985261
11 ; 86 ; 4.728874
11 ; 87 ; 0.382798
11 ; 88 ; 10.778688
11 ; 89 ; 0.356673
11 ; 90 ; 1.032413
11 ; 91 ; 1.779648
11 ; 92 ; 4.683115
11 ; 93 ; 0.550136
11 ; 94 ; 7.110265
11 ; 95 ; 5.108731
11 ; 96 ; 0.751918
11 ; 97 ; 5.636240
11 ; 98 ; 0.335904
11 ; 99 ; 0.479436
12 ; 0 ; 2.839373
12 ; 1 ; 15.393188
12 ; 2 ; 8.545302
12 ; 3 ; 8.492480
12 ; 4 ; 3.248502
12 ; 5 ; 6.516292
12 ; 6 ; 1.022107
12 ; 7 ; 17.594254
12 ; 8 ; 1.849623
12 ; 9 ; 1.274742
12 ; 10 ; 0.673263
12 ; 11 ; 5.115943
12 ; 12 ; 3.902194
12 ; 13 ; 4.406697
12 ; 14 ; 3.056738
12 ; 15 ; 5.098145
12 ; 16 ; 7.617145
12 ; 17 ; 4.021496
12 ; 18 ; 2.167208
12 ; 19 ; 36.308414
12 ; 20 ; 1.708707
12 ; 21 ; 0.623578
12 ; 22 ; 9.413939
12 ; 23 ; 0.694257
12 ; 24 ; 2.173567
12 ; 25 ; 0.514153
12 ; 26 ; 8.065841
12 ; 27 ; 9.031810
12 ; 28 ; 12.648443
12 ; 29 ; 6.604699
12 ; 30 ; 5.845476
12 ; 31 ; 2.183948
12 ; 32 ; 0.574554
12 ; 33 ; 0.283306
12 ; 34 ; 6.320210
12 ; 35 ; 0.635520
12 ; 36 ; 6.698775
12 ; 37 ; 16.375587
12 ; 38 ; 11.010598
12 ; 39 ; 1.698195
12 ; 40 ; 0.607873
12 ; 41 ; 2.385392
12 ; 42 ; 2.709412
12 ; 43 ; 0.525836
12 ; 44 ; 1.521342
12 ; 45 ; 1.821647
12 ; 46 ; 10.865068
12 ; 47 ; 2.377530
12 ; 48 ; 0.659837
12 ; 49 ; 14.333487
12 ; 50 ; 5.331067
12 ; 51 ; 3.424554
12 ; 52 ; 0.359788
12 ; 53 ; 3.296360
12 ; 54 ; 0.477757
12 ; 55 ; 3.170796
12 ; 56 ; 11.183294
12 ; 57 ; 5.291779
12 ; 58 ; 0.094736
12 ; 59 ; 1.678090
12 ; 60 ; 28.763931
12 ; 61 ; 0.118274
12 ; 62 ; 10.488214
12 ; 63 ; 7.125470
12 ; 64 ; 3.961489
12 ; 65 ; 0.429968
12 ; 66 ; 5.648975
12 ; 67 ; 3.279278
12 ; 68 ; 2.721495
12 ; 69 ; 5.381399
12 ; 70 ; 2.958167
12 ; 71 ; 0.258981
12 ; 72 ; 2.480212
12 ; 73 ; 1.496168
12 ; 74 ; 2.985261
12 ; 75 ; 4.728874
12 ; 76 ; 0.382798
12 ; 77 ; 10.778688
12 ; 78 ; 0.356673
12 ; 79 ; 1.032413
12 ; 80 ; 1.779648
12 ; 81 ; 4.683115
12 ; 82 ; 0.550136
12 ; 83 ; 7.110265
12 ; 84 ; 5.108731
12 ; 85 ; 0.751918
12 ; 86 ; 5.636240
12 ; 87 ; 0.335904
12 ; 88 ; 0.479436
12 ; 89 ; 5.345713
12 ; 90 ; 15.330584
12 ; 91 ; 14.054404
12 ; 92 ; 7.338048
12 ; 93 ; 0.859118
12 ; 94 ; 0.675882
12 ; 95 ; 0.108128
12 ; 96 ; 8.850270
12 ; 97 ; 6.745014
12 ; 98 ; 0.289608
12 ; 99 ; 1.773988
13 ; 0 ; 5.115943
13 ; 1 ; 3.902194
13 ; 2 ; 4.406697
13 ; 3 ; 3.056738
13 ; 4 ; 5.098145
13 ; 5 ; 7.617145
13 ; 6 ; 4.021496
13 ; 7 ; 2.167208
13 ; 8 ; 36.308414
13 ; 9 ; 1.708707
13 ; 10 ; 0.623578
13 ; 11 ; 9.413939
13 ; 12 ; 0.694257
13 ; 13 ; 2.173567
13 ; 14 ; 0.514153
13 ; 15 ; 8.065841
13 ; 16 ; 9.031810
13 ; 17 ; 12.648443
13 ; 18 ; 6.604699
13 ; 19 ; 5.845476
13 ; 20 ; 2.183948
13 ; 21 ; 0.574554
13 ; 22 ; 0.283306
13 ; 23 ; 6.320210
13 ; 24 ; 0.635520
13 ; 25 ; 6.698775
13 ; 26 ; 16.375587
13 ; 27 ; 11.010598
13 ; 28 ; 1.698195
13 ; 29 ; 0.607873
13 ; 30 ; 2.385392
13 ; 31 ; 2.709412
13 ; 32 ; 0.525836
13 ; 33 ; 1.521342
13 ; 34 ; 1.821647
13 ; 35 ; 10.865068
13 ; 36 ; 2.377530
13 ; 37 ; 0.659837
13 ; 38 ; 14.333487
13 ; 39 ; 5.331067
13 ; 40 ; 3.424554
13 ; 41 ; 0.359788
13 ; 42 ; 3.296360
13 ; 43 ; 0.477757
13 ; 44 ; 3.170796
13 ; 45 ; 11.183294
13 ; 46 ; 5.291779
13 ; 47 ; 0.094736
13 ; 48 ; 1.678090
13 ; 49 ; 28.763931
13 ; 50 ; 0.118274
13 ; 51 ; 10.488214
13 ; 52 ; 7.125470
13 ; 53 ; 3.961489
13 ; 54 ; 0.429968
13 ; 55 ; 5.648975
13 ; 56 ; 3.279278
13 ; 57 ; 2.721495
13 ; 58 ; 5.381399
13 ; 59 ; 2.958167
13 ; 60 ; 0.258981
13 ; 61 ; 2.480212
13 ; 62 ; 1.496168
13 ; 63 ; 2.985261
13 ; 64 ; 4.728874
13 ; 65 ; 0.382798
13 ; 66 ; 10.778688
13 ; 67 ; 0.356673
13 ; 68 ; 1.032413
13 ; 69 ; 1.779648
13 ; 70 ; 4.683115
13 ; 71 ; 0.550136
13 ; 72 ; 7.110265
13 ; 73 ; 5.108731
13 ; 74 ; 0.751918
13 ; 75 ; 5.636240
13 ; 76 ; 0.335904
13 ; 77 ; 0.479436
13 ; 78 ; 5.345713
13 ; 79 ; 15.330584
13 ; 80 ; 14.054404
13 ; 81 ; 7.338048
13 ; 82 ; 0.859118
13 ; 83 ; 0.675882
13 ; 84 ; 0.108128
13 ; 85 ; 8.850270
13 ; 86 ; 6.745014
13 ; 87 ; 0.289608
13 ; 88 ; 1.773988
13 ; 89 ; 1.402174
13 ; 90 ; 6.367969
13 ; 91 ; 4.339734
13 ; 92 ; 13.368073
13 ; 93 ; 1.188652
13 ; 94 ; 3.407632
13 ; 95 ; 2.577376
13 ; 96 ; 3.667036
13 ; 97 ; 8.171873
13 ; 98 ; 0.243577
13 ; 99 ; 3.525758
14 ; 0 ; 9.413939
14 ; 1 ; 0.694257
14 ; 2 ; 2.173567
14 ; 3 ; 0.514153
14 ; 4 ; 8.065841
14 ; 5 ; 9.031810
14 ; 6 ; 12.648443
14 ; 7 ; 6.604699
14 ; 8 ; 5.845476
14 ; 9 ; 2.183948
14 ; 10 ; 0.574554
14 ; 11 ; 0.283306
14 ; 12 ; 6.320210
14 ; 13 ; 0.635520
14 ; 14 ; 6.698775
14 ; 15 ; 16.375587
14 ; 16 ; 11.010598
14 ; 17 ; 1.698195
14 ; 18 ; 0.607873
14 ; 19 ; 2.385392
14 ; 20 ; 2.709412
14 ; 21 ; 0.525836
14 ; 22 ; 1.521342
14 ; 23 ; 1.821647
14 ; 24 ; 10.865068
14 ; 25 ; 2.377530
14 ; 26 ; 0.659837
14 ; 27 ; 14.333487
14 ; 28 ; 5.331067
14 ; 29 ; 3.424554
14 ; 30 ; 0.359788
14 ; 31 ; 3.296360
14 ; 32 ; 0.477757
14 ; 33 ; 3.170796
14 ; 34 ; 11.183294
14 ; 35 ; 5.291779
14 ; 36 ; 0.094736
14 ; 37 ; 1.678090
14 ; 38 ; 28.763931
14 ; 39 ; 0.118274
14 ; 40 ; 10.488214
14 ; 41 ; 7.125470
14 ; 42 ; 3.961489
14 ; 43 ; 0.429968
14 ; 44 ; 5.648975
14 ; 45 ; 3.279278
14 ; 46 ; 2.721495
14 ; 47 ; 5.381399
14 ; 48 ; 2.958167
14 ; 49 ; 0.258981
14 ; 50 ; 2.480212
14 ; 51 ; 1.496168
14 ; 52 ; 2.985261
14 ; 53 ; 4.728874
14 ; 54 ; 0.382798
14 ; 55 ; 10.778688
14 ; 56 ; 0.356673
14 ; 57 ; 1.032413
14 ; 58 ; 1.779648
14 ; 59 ; 4.683115
14 ; 60 ; 0.550136
14 ; 61 ; 7.110265
14 ; 62 ; 5.108731
14 ; 63 ; 0.751918
14 ; 64 ; 5.636240
14 ; 65 ; 0.335904
14 ; 66 ; 0.479436
14 ; 67 ; 5.345713
14 ; 68 ; 15.330584
14 ; 69 ; 14.054404
14 ; 70 ; 7.338048
14 ; 71 ; 0.859118
14 ; 72 ; 0.675882
14 ; 73 ; 0.108128
14 ; 74 ; 8.850270
14 ; 75 ; 6.745014
14 ; 76 ; 0.289608
14 ; 77 ; 1.773988
14 ; 78 ; 1.402174
14 ; 79 ; 6.367969
14 ; 80 ; 4.339734
14 ; 81 ; 13.368073
14 ; 82 ; 1.188652
14 ; 83 ; 3.407632
14 ; 84 ; 2.577376
14 ; 85 ; 3.667036
14 ; 86 ; 8.171873
14 ; 87 ; 0.243577
14 ; 88 ; 3.525758
14 ; 89 ; 8.930647
14 ; 90 ; 3.337240
14 ; 91 ; 1.245489
14 ; 92 ; 0.484981
14 ; 93 ; 1.541240
14 ; 94 ; 9.897917
14 ; 95 ; 7.666393
14 ; 96 ; 1.177246
14 ; 97 ; 10.176176
14 ; 98 ; 0.198124
14 ; 99 ; 6.245689
15 ; 0 ; 0.283306
15 ; 1 ; 6.320210
15 ; 2 ; 0.635520
15 ; 3 ; 6.698775
15 ; 4 ; 16.375587
15 ; 5 ; 11.010598
15 ; 6 ; 1.698195
15 ; 7 ; 0.607873
15 ; 8 ; 2.385392
15 ; 9 ; 2.709412
15 ; 10 ; 0.525836
15 ; 11 ; 1.521342
15 ; 12 ; 1.821647
15 ; 13 ; 10.865068
15 ; 14 ; 2.377530
15 ; 15 ; 0.659837
15 ; 16 ; 14.333487
15 ; 17 ; 5.331067
15 ; 18 ; 3.424554
15 ; 19 ; 0.359788
15 ; 20 ; 3.296360
15 ; 21 ; 0.477757
15 ; 22 ; 3.170796
15 ; 23 ; 11.183294
15 ; 24 ; 5.291779
15 ; 25 ; 0.094736
15 ; 26 ; 1.678090
15 ; 27 ; 28.763931
15 ; 28 ; 0.118274
15 ; 29 ; 10.488214
15 ; 30 ; 7.125470
15 ; 31 ; 3.961489
15 ; 32 ; 0.429968
15 ; 33 ; 5.648975
15 ; 34 ; 3.279278
15 ; 35 ; 2.721495
15 ; 36 ; 5.381399
15 ; 37 ; 2.958167
15 ; 38 ; 0.258981
15 ; 39 ; 2.480212
15 ; 40 ; 1.496168
15 ; 41 ; 2.985261
15 ; 42 ; 4.728874
15 ; 43 ; 0.382798
15 ; 44 ; 10.778688
15 ; 45 ; 0.356673
15 ; 46 ; 1.032413
15 ; 47 ; 1.779648
15 ; 48 ; 4.683115
15 ; 49 ; 0.550136
15 ; 50 ; 7.110265
15 ; 51 ; 5.108731
15 ; 52 ; 0.751918
15 ; 53 ; 5.636240
15 ; 54 ; 0.335904
15 ; 55 ; 0.479436
15 ; 56 ; 5.345713
15 ; 57 ; 15.330584
15 ; 58 ; 14.054404
15 ; 59 ; 7.338048
15 ; 60 ; 0.859118
15 ; 61 ; 0.675882
15 ; 62 ; 0.108128
15 ; 63 ; 8.850270
15 ; 64 ; 6.745014
15 ; 65 ; 0.289608
15 ; 66 ; 1.773988
15 ; 67 ; 1.402174
15 ; 68 ; 6.367969
15 ; 69 ; 4.339734
15 ; 70 ; 13.368073
15 ; 71 ; 1.188652
15 ; 72 ; 3.407632
15 ; 73 ; 2.577376
15 ; 74 ; 3.667036
15 ; 75 ; 8.171873
15 ; 76 ; 0.243577
15 ; 77 ; 3.525758
15 ; 78 ; 8.930647
15 ; 79 ; 3.337240
15 ; 80 ; 1.245489
15 ; 81 ; 0.484981
15 ; 82 ; 1.541240
15 ; 83 ; 9.897917
15 ; 84 ; 7.666393
15 ; 85 ; 1.177246
15 ; 86 ; 10.176176
15 ; 87 ; 0.198124
15 ; 88 ; 6.245689
15 ; 89 ; 2.725441
15 ; 90 ; 1.463550
15 ; 91 ; 9.861593
15 ; 92 ; 1.464572
15 ; 93 ; 1.920814
15 ; 94 ; 1.303771
15 ; 95 ; 0.904807
15 ; 96 ; 11.506368
15 ; 97 ; 13.575778
15 ; 98 ; 0.152924
15 ; 99 ; 12.661866
16 ; 0 ; 1.521342
16 ; 1 ; 1.821647
16 ; 2 ; 10.865068
16 ; 3 ; 2.377530
16 ; 4 ; 0.659837
16 ; 5 ; 14.333487
16 ; 6 ; 5.331067
16 ; 7 ; 3.424554
16 ; 8 ; 0.359788
16 ; 9 ; 3.296360
16 ; 10 ; 0.477757
16 ; 11 ; 3.170796
16 ; 12 ; 11.183294
16 ; 13 ; 5.291779
16 ; 14 ; 0.094736
16 ; 15 ; 1.678090
16 ; 16 ; 28.763931
16 ; 17 ; 0.118274
16 ; 18 ; 10.488214
16 ; 19 ; 7.125470
16 ; 20 ; 3.961489
16 ; 21 ; 0.429968
16 ; 22 ; 5.648975
16 ; 23 ; 3.279278
16 ; 24 ; 2.721495
16 ; 25 ; 5.381399
16 ; 26 ; 2.958167
16 ; 27 ; 0.258981
16 ; 28 ; 2.480212
16 ; 29 ; 1.496168
16 ; 30 ; 2.985261
16 ; 31 ; 4.728874
16 ; 32 ; 0.382798
16 ; 33 ; 10.778688
16 ; 34 ; 0.356673
16 ; 35 ; 1.032413
16 ; 36 ; 1.779648
16 ; 37 ; 4.683115
16 ; 38 ; 0.550136
16 ; 39 ; 7.110265
16 ; 40 ; 5.108731
16 ; 41 ; 0.751918
16 ; 42 ; 5.636240
16 ; 43 ; 0.335904
16 ; 44 ; 0.479436
16 ; 45 ; 5.345713
16 ; 46 ; 15.330584
16 ; 47 ; 14.054404
16 ; 48 ; 7.338048
16 ; 49 ; 0.859118
16 ; 50 ; 0.675882
16 ; 51 ; 0.108128
16 ; 52 ; 8.850270
16 ; 53 ; 6.745014
16 ; 54 ; 0.289608
16 ; 55 ; 1.773988
16 ; 56 ; 1.402174
16 ; 57 ; 6.367969
16 ; 58 ; 4.339734
16 ; 59 ; 13.368073
16 ; 60 ; 1.188652
16 ; 61 ; 3.407632
16 ; 62 ; 2.577376
16 ; 63 ; 3.667036
16 ; 64 ; 8.171873
16 ; 65 ; 0.243577
16 ; 66 ; 3.525758
16 ; 67 ; 8.930647
16 ; 68 ; 3.337240
16 ; 69 ; 1.245489
16 ; 70 ; 0.484981
16 ; 71 ; 1.541240
16 ; 72 ; 9.897917
16 ; 73 ; 7.666393
16 ; 74 ; 1.177246
16 ; 75 ; 10.176176
16 ; 76 ; 0.198124
16 ; 77 ; 6.245689
16 ; 78 ; 2.725441
16 ; 79 ; 1.463550
16 ; 80 ; 9.861593
16 ; 81 ; 1.464572
16 ; 82 ; 1.920814
16 ; 83 ; 1.303771
16 ; 84 ; 0.904807
16 ; 85 ; 11.506368
16 ; 86 ; 13.575778
16 ; 87 ; 0.152924
16 ; 88 ; 12.661866
16 ; 89 ; 0.040448
16 ; 90 ; 0.103920
16 ; 91 ; 3.477805
16 ; 92 ; 2.684030
16 ; 93 ; 2.331345
16 ; 94 ; 4.547162
16 ; 95 ; 3.958457
16 ; 96 ; 4.456677
16 ; 97 ; 31.683672
16 ; 98 ; 0.108284
16 ; 99 ; 0.683399
17 ; 0 ; 3.170796
17 ; 1 ; 11.183294
17 ; 2 ; 5.291779
17 ; 3 ; 0.094736
17 ; 4 ; 1.678090
17 ; 5 ; 28.763931
17 ; 6 ; 0.118274
17 ; 7 ; 10.488214
17 ; 8 ; 7.125470
17 ; 9 ; 3.961489
17 ; 10 ; 0.429968
17 ; 11 ; 5.648975
17 ; 12 ; 3.279278
17 ; 13 ; 2.721495
17 ; 14 ; 5.381399
17 ; 15 ; 2.958167
17 ; 16 ; 0.258981
17 ; 17 ; 2.480212
17 ; 18 ; 1.496168
17 ; 19 ; 2.985261
17 ; 20 ; 4.728874
17 ; 21 ; 0.382798
17 ; 22 ; 10.778688
17 ; 23 ; 0.356673
17 ; 24 ; 1.032413
17 ; 25 ; 1.779648
17 ; 26 ; 4.683115
17 ; 27 ; 0.550136
17 ; 28 ; 7.110265
17 ; 29 ; 5.108731
17 ; 30 ; 0.751918
17 ; 31 ; 5.636240
17 ; 32 ; 0.335904
17 ; 33 ; 0.479436
17 ; 34 ; 5.345713
17 ; 35 ; 15.330584
17 ; 36 ; 14.054404
17 ; 37 ; 7.338048
17 ; 38 ; 0.859118
17 ; 39 ; 0.675882
17 ; 40 ; 0.108128
17 ; 41 ; 8.850270
17 ; 42 ; 6.745014
17 ; 43 ; 0.289608
17 ; 44 ; 1.773988
17 ; 45 ; 1.402174
17 ; 46 ; 6.367969
17 ; 47 ; 4.339734
17 ; 48 ; 13.368073
17 ; 49 ; 1.188652
17 ; 50 ; 3.407632
17 ; 51 ; 2.577376
17 ; 52 ; 3.667036
17 ; 53 ; 8.171873
17 ; 54 ; 0.243577
17 ; 55 ; 3.525758
17 ; 56 ; 8.930647
17 ; 57 ; 3.337240
17 ; 58 ; 1.245489
17 ; 59 ; 0.484981
17 ; 60 ; 1.541240
17 ; 61 ; 9.897917
17 ; 62 ; 7.666393
17 ; 63 ; 1.177246
17 ; 64 ; 10.176176
17 ; 65 ; 0.198124
17 ; 66 ; 6.245689
17 ; 67 ; 2.725441
17 ; 68 ; 1.463550
17 ; 69 ; 9.861593
17 ; 70 ; 1.464572
17 ; 71 ; 1.920814
17 ; 72 ; 1.303771
17 ; 73 ; 0.904807
17 ; 74 ; 11.506368
17 ; 75 ; 13.575778
17 ; 76 ; 0.152924
17 ; 77 ; 12.661866
17 ; 78 ; 0.040448
17 ; 79 ; 0.103920
17 ; 80 ; 3.477805
17 ; 81 ; 2.684030
17 ; 82 ; 2.331345
17 ; 83 ; 4.547162
17 ; 84 ; 3.958457
17 ; 85 ; 4.456677
17 ; 86 ; 31.683672
17 ; 87 ; 0.108284
17 ; 88 ; 0.683399
17 ; 89 ; 4.530519
17 ; 90 ; 7.741186
17 ; 91 ; 0.763104
17 ; 92 ; 4.300271
17 ; 93 ; 2.778889
17 ; 94 ; 16.752649
17 ; 95 ; 13.177161
17 ; 96 ; 1.642147
17 ; 97 ; 0.323354
17 ; 98 ; 0.063885
17 ; 99 ; 2.040084
18 ; 0 ; 5.648975
18 ; 1 ; 3.279278
18 ; 2 ; 2.721495
18 ; 3 ; 5.381399
18 ; 4 ; 2.958167
18 ; 5 ; 0.258981
18 ; 6 ; 2.480212
18 ; 7 ; 1.496168
18 ; 8 ; 2.985261
18 ; 9 ; 4.728874
18 ; 10 ; 0.382798
18 ; 11 ; 10.778688
18 ; 12 ; 0.356673
18 ; 13 ; 1.032413
18 ; 14 ; 1.779648
18 ; 15 ; 4.683115
18 ; 16 ; 0.550136
18 ; 17 ; 7.110265
18 ; 18 ; 5.108731
18 ; 19 ; 0.751918
18 ; 20 ; 5.636240
18 ; 21 ; 0.335904
18 ; 22 ; 0.479436
18 ; 23 ; 5.345713
18 ; 24 ; 15.330584
18 ; 25 ; 14.054404
18 ; 26 ; 7.338048
18 ; 27 ; 0.859118
18 ; 28 ; 0.675882
18 ; 29 ; 0.108128
18 ; 30 ; 8.850270
18 ; 31 ; 6.745014
18 ; 32 ; 0.289608
18 ; 33 ; 1.773988
18 ; 34 ; 1.402174
18 ; 35 ; 6.367969
18 ; 36 ; 4.339734
18 ; 37 ; 13.368073
18 ; 38 ; 1.188652
18 ; 39 ; 3.407632
18 ; 40 ; 2.577376
18 ; 41 ; 3.667036
18 ; 42 ; 8.171873
18 ; 43 ; 0.243577
18 ; 44 ; 3.525758
18 ; 45 ; 8.930647
18 ; 46 ; 3.337240
18 ; 47 ; 1.245489
18 ; 48 ; 0.484981
18 ; 49 ; 1.541240
18 ; 50 ; 9.897917
18 ; 51 ; 7.666393
18 ; 52 ; 1.177246
18 ; 53 ; 10.176176
18 ; 54 ; 0.198124
18 ; 55 ; 6.245689
18 ; 56 ; 2.725441
18 ; 57 ; 1.463550
18 ; 58 ; 9.861593
18 ; 59 ; 1.464572
18 ; 60 ; 1.920814
18 ; 61 ; 1.303771
18 ; 62 ; 0.904807
18 ; 63 ; 11.506368
18 ; 64 ; 13.575778
18 ; 65 ; 0.152924
18 ; 66 ; 12.661866
18 ; 67 ; 0.040448
18 ; 68 ; 0.103920
18 ; 69 ; 3.477805
18 ; 70 ; 2.684030
18 ; 71 ; 2.331345
18 ; 72 ; 4.547162
18 ; 73 ; 3.958457
18 ; 74 ; 4.456677
18 ; 75 ; 31.683672
18 ; 76 ; 0.108284
18 ; 77 ; 0.683399
18 ; 78 ; 4.530519
18 ; 79 ; 7.741186
18 ; 80 ; 0.763104
18 ; 81 ; 4.300271
18 ; 82 ; 2.778889
18 ; 83 ; 16.752649
18 ; 84 ; 13.177161
18 ; 85 ; 1.642147
18 ; 86 ; 0.323354
18 ; 87 ; 0.063885
18 ; 88 ; 2.040084
18 ; 89 ; 1.015185
18 ; 90 ; 4.039263
18 ; 91 ; 7.614346
18 ; 92 ; 6.703438
18 ; 93 ; 3.270173
18 ; 94 ; 2.021988
18 ; 95 ; 1.852937
18 ; 96 ; 17.537930
18 ; 97 ; 0.679551
18 ; 98 ; 0.019876
18 ; 99 ; 3.907858
19 ; 0 ; 10.778688
19 ; 1 ; 0.356673
19 ; 2 ; 1.032413
19 ; 3 ; 1.779648
19 ; 4 ; 4.683115
19 ; 5 ; 0.550136
19 ; 6 ; 7.110265
19 ; 7 ; 5.108731
19 ; 8 ; 0.751918
19 ; 9 ; 5.636240
19 ; 10 ; 0.335904
19 ; 11 ; 0.479436
19 ; 12 ; 5.345713
19 ; 13 ; 15.330584
19 ; 14 ; 14.054404
19 ; 15 ; 7.338048
19 ; 16 ; 0.859118
19 ; 17 ; 0.675882
19 ; 18 ; 0.108128
19 ; 19 ; 8.850270
19 ; 20 ; 6.745014
19 ; 21 ; 0.289608
19 ; 22 ; 1.773988
19 ; 23 ; 1.402174
19 ; 24 ; 6.367969
19 ; 25 ; 4.339734
19 ; 26 ; 13.368073
19 ; 27 ; 1.188652
19 ; 28 ; 3.407632
19 ; 29 ; 2.577376
19 ; 30 ; 3.667036
19 ; 31 ; 8.171873
19 ; 32 ; 0.243577
19 ; 33 ; 3.525758
19 ; 34 ; 8.930647
19 ; 35 ; 3.337240
19 ; 36 ; 1.245489
19 ; 37 ; 0.484981
19 ; 38 ; 1.541240
19 ; 39 ; 9.897917
19 ; 40 ; 7.666393
19 ; 41 ; 1.177246
19 ; 42 ; 10.176176
19 ; 43 ; 0.198124
19 ; 44 ; 6.245689
19 ; 45 ; 2.725441
19 ; 46 ; 1.463550
19 ; 47 ; 9.861593
19 ; 48 ; 1.464572
19 ; 49 ; 1.920814
19 ; 50 ; 1.303771
19 ; 51 ; 0.904807
19 ; 52 ; 11.506368
19 ; 53 ; 13.575778
19 ; 54 ; 0.152924
19 ; 55 ; 12.661866
19 ; 56 ; 0.040448
19 ; 57 ; 0.103920
19 ; 58 ; 3.477805
19 ; 59 ; 2.684030
19 ; 60 ; 2.331345
19 ; 61 ; 4.547162
19 ; 62 ; 3.958457
19 ; 63 ; 4.456677
19 ; 64 ; 31.683672
19 ; 65 ; 0.108284
19 ; 66 ; 0.683399
19 ; 67 ; 4.530519
19 ; 68 ; 7.741186
19 ; 69 ; 0.763104
19 ; 70 ; 4.300271
19 ; 71 ; 2.778889
19 ; 72 ; 16.752649
19 ; 73 ; 13.177161
19 ; 74 ; 1.642147
19 ; 75 ; 0.323354
19 ; 76 ; 0.063885
19 ; 77 ; 2.040084
19 ; 78 ; 1.015185
19 ; 79 ; 4.039263
19 ; 80 ; 7.614346
19 ; 81 ; 6.703438
19 ; 82 ; 3.270173
19 ; 83 ; 2.021988
19 ; 84 ; 1.852937
19 ; 85 ; 17.537930
19 ; 86 ; 0.679551
19 ; 87 ; 0.019876
19 ; 88 ; 3.907858
19 ; 89 ; 7.383273
19 ; 90 ; 1.935624
19 ; 91 ; 2.743106
19 ; 92 ; 11.503321
19 ; 93 ; 3.815367
19 ; 94 ; 6.025513
19 ; 95 ; 5.873553
19 ; 96 ; 5.395296
19 ; 97 ; 1.062896
19 ; 98 ; 26.801125
19 ; 99 ; 6.923391
20 ; 0 ; 0.479436
20 ; 1 ; 5.345713
20 ; 2 ; 15.330584
20 ; 3 ; 14.054404
20 ; 4 ; 7.338048
20 ; 5 ; 0.859118
20 ; 6 ; 0.675882
20 ; 7 ; 0.108128
20 ; 8 ; 8.850270
20 ; 9 ; 6.745014
20 ; 10 ; 0.289608
20 ; 11 ; 1.773988
20 ; 12 ; 1.402174
20 ; 13 ; 6.367969
20 ; 14 ; 4.339734
20 ; 15 ; 13.368073
20 ; 16 ; 1.188652
20 ; 17 ; 3.407632
20 ; 18 ; 2.577376
20 ; 19 ; 3.667036
20 ; 20 ; 8.171873
20 ; 21 ; 0.243577
20 ; 22 ; 3.525758
20 ; 23 ; 8.930647
20 ; 24 ; 3.337240
20 ; 25 ; 1.245489
20 ; 26 ; 0.484981
20 ; 27 ; 1.541240
20 ; 28 ; 9.897917
20 ; 29 ; 7.666393
20 ; 30 ; 1.177246
20 ; 31 ; 10.176176
20 ; 32 ; 0.198124
20 ; 33 ; 6.245689
20 ; 34 ; 2.725441
20 ; 35 ; 1.463550
20 ; 36 ; 9.861593
20 ; 37 ; 1.464572
20 ; 38 ; 1.920814
20 ; 39 ; 1.303771
20 ; 40 ; 0.904807
20 ; 41 ; 11.506368
20 ; 42 ; 13.575778
20 ; 43 ; 0.152924
20 ; 44 ; 12.661866
20 ; 45 ; 0.040448
20 ; 46 ; 0.103920
20 ; 47 ; 3.477805
20 ; 48 ; 2.684030
20 ; 49 ; 2.331345
20 ; 50 ; 4.547162
20 ; 51 ; 3.958457
20 ; 52 ; 4.456677
20 ; 53 ; 31.683672
20 ; 54 ; 0.108284
20 ; 55 ; 0.683399
20 ; 56 ; 4.530519
20 ; 57 ; 7.741186
20 ; 58 ; 0.763104
20 ; 59 ; 4.300271
20 ; 60 ; 2.778889
20 ; 61 ; 16.752649
20 ; 62 ; 13.177161
20 ; 63 ; 1.642147
20 ; 64 ; 0.323354
20 ; 65 ; 0.063885
20 ; 66 ; 2.040084
20 ; 67 ; 1.015185
20 ; 68 ; 4.039263
20 ; 69 ; 7.614346
20 ; 70 ; 6.703438
20 ; 71 ; 3.270173
20 ; 72 ; 2.021988
20 ; 73 ; 1.852937
20 ; 74 ; 17.537930
20 ; 75 ; 0.679551
20 ; 76 ; 0.019876
20 ; 77 ; 3.907858
20 ; 78 ; 7.383273
20 ; 79 ; 1.935624
20 ; 80 ; 2.743106
20 ; 81 ; 11.503321
20 ; 82 ; 3.815367
20 ; 83 ; 6.025513
20 ; 84 ; 5.873553
20 ; 85 ; 5.395296
20 ; 86 ; 1.062896
20 ; 87 ; 26.801125
20 ; 88 ; 6.923391
20 ; 89 ; 2.226879
20 ; 90 ; 0.459322
20 ; 91 ; 0.323191
20 ; 92 ; 0.316034
20 ; 93 ; 4.426999
20 ; 94 ; 0.352087
20 ; 95 ; 0.376048
20 ; 96 ; 2.154983
20 ; 97 ; 1.478089
20 ; 98 ; 21.552017
20 ; 99 ; 15.714997
21 ; 0 ; 1.773988
21 ; 1 ; 1.402174
21 ; 2 ; 6.367969
21 ; 3 ; 4.339734
21 ; 4 ; 13.368073
21 ; 5 ; 1.188652
21 ; 6 ; 3.407632
21 ; 7 ; 2.577376
21 ; 8 ; 3.667036
21 ; 9 ; 8.171873
21 ; 10 ; 0.243577
21 ; 11 ; 3.525758
21 ; 12 ; 8.930647
21 ; 13 ; 3.337240
21 ; 14 ; 1.245489
21 ; 15 ; 0.484981
21 ; 16 ; 1.541240
21 ; 17 ; 9.897917
21 ; 18 ; 7.666393
21 ; 19 ; 1.177246
21 ; 20 ; 10.176176
21 ; 21 ; 0.198124
21 ; 22 ; 6.245689
21 ; 23 ; 2.725441
21 ; 24 ; 1.463550
21 ; 25 ; 9.861593
21 ; 26 ; 1.464572
21 ; 27 ; 1.920814
21 ; 28 ; 1.303771
21 ; 29 ; 0.904807
21 ; 30 ; 11.506368
21 ; 31 ; 13.575778
21 ; 32 ; 0.152924
21 ; 33 ; 12.661866
21 ; 34 ; 0.040448
21 ; 35 ; 0.103920
21 ; 36 ; 3.477805
21 ; 37 ; 2.684030
21 ; 38 ; 2.331345
21 ; 39 ; 4.547162
21 ; 40 ; 3.958457
21 ; 41 ; 4.456677
21 ; 42 ; 31.683672
21 ; 43 ; 0.108284
21 ; 44 ; 0.683399
21 ; 45 ; 4.530519
21 ; 46 ; 7.741186
21 ; 47 ; 0.763104
21 ; 48 ; 4.300271
21 ; 49 ; 2.778889
21 ; 50 ; 16.752649
21 ; 51 ; 13.177161
21 ; 52 ; 1.642147
21 ; 53 ; 0.323354
21 ; 54 ; 0.063885
21 ; 55 ; 2.040084
21 ; 56 ; 1.015185
21 ; 57 ; 4.039263
21 ; 58 ; 7.614346
21 ; 59 ; 6.703438
21 ; 60 ; 3.270173
21 ; 61 ; 2.021988
21 ; 62 ; 1.852937
21 ; 63 ; 17.537930
21 ; 64 ; 0.679551
21 ; 65 ; 0.019876
21 ; 66 ; 3.907858
21 ; 67 ; 7.383273
21 ; 68 ; 1.935624
21 ; 69 ; 2.743106
21 ; 70 ; 11.503321
21 ; 71 ; 3.815367
21 ; 72 ; 6.025513
21 ; 73 ; 5.873553
21 ; 74 ; 5.395296
21 ; 75 ; 1.062896
21 ; 76 ; 26.801125
21 ; 77 ; 6.923391
21 ; 78 ; 2.226879
21 ; 79 ; 0.459322
21 ; 80 ; 0.323191
21 ; 81 ; 0.316034
21 ; 82 ; 4.426999
21 ; 83 ; 0.352087
21 ; 84 ; 0.376048
21 ; 85 ; 2.154983
21 ; 86 ; 1.478089
21 ; 87 ; 21.552017
21 ; 88 ; 15.714997
21 ; 89 ; 14.715180
21 ; 90 ; 9.641671
21 ; 91 ; 6.069499
21 ; 92 ; 1.259799
21 ; 93 ; 5.124440
21 ; 94 ; 2.860959
21 ; 95 ; 3.024223
21 ; 96 ; 0.204956
21 ; 97 ; 1.930907
21 ; 98 ; 19.055029
21 ; 99 ; 0.896220
22 ; 0 ; 3.525758
22 ; 1 ; 8.930647
22 ; 2 ; 3.337240
22 ; 3 ; 1.245489
22 ; 4 ; 0.484981
22 ; 5 ; 1.541240
22 ; 6 ; 9.897917
22 ; 7 ; 7.666393
22 ; 8 ; 1.177246
22 ; 9 ; 10.176176
22 ; 10 ; 0.198124
22 ; 11 ; 6.245689
22 ; 12 ; 2.725441
22 ; 13 ; 1.463550
22 ; 14 ; 9.861593
22 ; 15 ; 1.464572
22 ; 16 ; 1.920814
22 ; 17 ; 1.303771
22 ; 18 ; 0.904807
22 ; 19 ; 11.506368
22 ; 20 ; 13.575778
22 ; 21 ; 0.152924
22 ; 22 ; 12.661866
22 ; 23 ; 0.040448
22 ; 24 ; 0.103920
22 ; 25 ; 3.477805
22 ; 26 ; 2.684030
22 ; 27 ; 2.331345
22 ; 28 ; 4.547162
22 ; 29 ; 3.958457
22 ; 30 ; 4.456677
22 ; 31 ; 31.683672
22 ; 32 ; 0.108284
22 ; 33 ; 0.683399
22 ; 34 ; 4.530519
22 ; 35 ; 7.741186
22 ; 36 ; 0.763104
22 ; 37 ; 4.300271
22 ; 38 ; 2.778889
22 ; 39 ; 16.752649
22 ; 40 ; 13.177161
22 ; 41 ; 1.642147
22 ; 42 ; 0.323354
22 ; 43 ; 0.063885
22 ; 44 ; 2.040084
22 ; 45 ; 1.015185
22 ; 46 ; 4.039263
22 ; 47 ; 7.614346
22 ; 48 ; 6.703438
22 ; 49 ; 3.270173
22 ; 50 ; 2.021988
22 ; 51 ; 1.852937
22 ; 52 ; 17.537930
22 ; 53 ; 0.679551
22 ; 54 ; 0.019876
22 ; 55 ; 3.907858
22 ; 56 ; 7.383273
22 ; 57 ; 1.935624
22 ; 58 ; 2.743106
22 ; 59 ; 11.503321
22 ; 60 ; 3.815367
22 ; 61 ; 6.025513
22 ; 62 ; 5.873553
22 ; 63 ; 5.395296
22 ; 64 ; 1.062896
22 ; 65 ; 26.801125
22 ; 66 ; 6.923391
22 ; 67 ; 2.226879
22 ; 68 ; 0.459322
22 ; 69 ; 0.323191
22 ; 70 ; 0.316034
22 ; 71 ; 4.426999
22 ; 72 ; 0.352087
22 ; 73 ; 0.376048
22 ; 74 ; 2.154983
22 ; 75 ; 1.478089
22 ; 76 ; 21.552017
22 ; 77 ; 15.714997
22 ; 78 ; 14.715180
22 ; 79 ; 9.641671
22 ; 80 ; 6.069499
22 ; 81 ; 1.259799
22 ; 82 ; 5.124440
22 ; 83 ; 2.860959
22 ; 84 ; 3.024223
22 ; 85 ; 0.204956
22 ; 86 ; 1.930907
22 ; 87 ; 19.055029
22 ; 88 ; 0.896220
22 ; 89 ; 3.829789
22 ; 90 ; 4.856208
22 ; 91 ; 2.102661
22 ; 92 ; 2.424145
22 ; 93 ; 5.934684
22 ; 94 ; 8.132915
22 ; 95 ; 9.016041
22 ; 96 ; 6.551241
22 ; 97 ; 2.429103
22 ; 98 ; 17.392412
22 ; 99 ; 2.321140
23 ; 0 ; 6.245689
23 ; 1 ; 2.725441
23 ; 2 ; 1.463550
23 ; 3 ; 9.861593
23 ; 4 ; 1.464572
23 ; 5 ; 1.920814
23 ; 6 ; 1.303771
23 ; 7 ; 0.904807
23 ; 8 ; 11.506368
23 ; 9 ; 13.575778
23 ; 10 ; 0.152924
23 ; 11 ; 12.661866
23 ; 12 ; 0.040448
23 ; 13 ; 0.103920
23 ; 14 ; 3.477805
23 ; 15 ; 2.684030
23 ; 16 ; 2.331345
23 ; 17 ; 4.547162
23 ; 18 ; 3.958457
23 ; 19 ; 4.456677
23 ; 20 ; 31.683672
23 ; 21 ; 0.108284
23 ; 22 ; 0.683399
23 ; 23 ; 4.530519
23 ; 24 ; 7.741186
23 ; 25 ; 0.763104
23 ; 26 ; 4.300271
23 ; 27 ; 2.778889
23 ; 28 ; 16.752649
23 ; 29 ; 13.177161
23 ; 30 ; 1.642147
23 ; 31 ; 0.323354
23 ; 32 ; 0.063885
23 ; 33 ; 2.040084
23 ; 34 ; 1.015185
23 ; 35 ; 4.039263
23 ; 36 ; 7.614346
23 ; 37 ; 6.703438
23 ; 38 ; 3.270173
23 ; 39 ; 2.021988
23 ; 40 ; 1.852937
23 ; 41 ; 17.537930
23 ; 42 ; 0.679551
23 ; 43 ; 0.019876
23 ; 44 ; 3.907858
23 ; 45 ; 7.383273
23 ; 46 ; 1.935624
23 ; 47 ; 2.743106
23 ; 48 ; 11.503321
23 ; 49 ; 3.815367
23 ; 50 ; 6.025513
23 ; 51 ; 5.873553
23 ; 52 ; 5.395296
23 ; 53 ; 1.062896
23 ; 54 ; 26.801125
23 ; 55 ; 6.923391
23 ; 56 ; 2.226879
23 ; 57 ; 0.459322
23 ; 58 ; 0.323191
23 ; 59 ; 0.316034
23 ; 60 ; 4.426999
23 ; 61 ; 0.352087
23 ; 62 ; 0.376048
23 ; 63 ; 2.154983
23 ; 64 ; 1.478089
23 ; 65 ; 21.552017
23 ; 66 ; 15.714997
23 ; 67 ; 14.715180
23 ; 68 ; 9.641671
23 ; 69 ; 6.069499
23 ; 70 ; 1.259799
23 ; 71 ; 5.124440
23 ; 72 ; 2.860959
23 ; 73 ; 3.024223
23 ; 74 ; 0.204956
23 ; 75 ; 1.930907
23 ; 76 ; 19.055029
23 ; 77 ; 0.896220
23 ; 78 ; 3.829789
23 ; 79 ; 4.856208
23 ; 80 ; 2.102661
23 ; 81 ; 2.424145
23 ; 82 ; 5.934684
23 ; 83 ; 8.132915
23 ; 84 ; 9.016041
23 ; 85 ; 6.551241
23 ; 86 ; 2.429103
23 ; 87 ; 17.392412
23 ; 88 ; 2.321140
23 ; 89 ; 0.656008
23 ; 90 ; 2.456712
23 ; 91 ; 20.574553
23 ; 92 ; 3.944668
23 ; 93 ; 6.902108
23 ; 94 ; 0.938199
23 ; 95 ; 1.220495
23 ; 96 ; 2.726231
23 ; 97 ; 2.982212
23 ; 98 ; 16.150696
23 ; 99 ; 4.321593
24 ; 0 ; 12.661866
24 ; 1 ; 0.040448
24 ; 2 ; 0.103920
24 ; 3 ; 3.477805
24 ; 4 ; 2.684030
24 ; 5 ; 2.331345
24 ; 6 ; 4.547162
24 ; 7 ; 3.958457
24 ; 8 ; 4.456677
24 ; 9 ; 31.683672
24 ; 10 ; 0.108284
24 ; 11 ; 0.683399
24 ; 12 ; 4.530519
24 ; 13 ; 7.741186
24 ; 14 ; 0.763104
24 ; 15 ; 4.300271
24 ; 16 ; 2.778889
24 ; 17 ; 16.752649
24 ; 18 ; 13.177161
24 ; 19 ; 1.642147
24 ; 20 ; 0.323354
24 ; 21 ; 0.063885
24 ; 22 ; 2.040084
24 ; 23 ; 1.015185
24 ; 24 ; 4.039263
24 ; 25 ; 7.614346
24 ; 26 ; 6.703438
24 ; 27 ; 3.270173
24 ; 28 ; 2.021988
24 ; 29 ; 1.852937
24 ; 30 ; 17.537930
24 ; 31 ; 0.679551
24 ; 32 ; 0.019876
24 ; 33 ; 3.907858
24 ; 34 ; 7.383273
24 ; 35 ; 1.935624
24 ; 36 ; 2.743106
24 ; 37 ; 11.503321
24 ; 38 ; 3.815367
24 ; 39 ; 6.025513
24 ; 40 ; 5.873553
24 ; 41 ; 5.395296
24 ; 42 ; 1.062896
24 ; 43 ; 26.801125
24 ; 44 ; 6.923391
24 ; 45 ; 2.226879
24 ; 46 ; 0.459322
24 ; 47 ; 0.323191
24 ; 48 ; 0.316034
24 ; 49 ; 4.426999
24 ; 50 ; 0.352087
24 ; 51 ; 0.376048
24 ; 52 ; 2.154983
24 ; 53 ; 1.478089
24 ; 54 ; 21.552017
24 ; 55 ; 15.714997
24 ; 56 ; 14.715180
24 ; 57 ; 9.641671
24 ; 58 ; 6.069499
24 ; 59 ; 1.259799
24 ; 60 ; 5.124440
24 ; 61 ; 2.860959
24 ; 62 ; 3.024223
24 ; 63 ; 0.204956
24 ; 64 ; 1.930907
24 ; 65 ; 19.055029
24 ; 66 ; 0.896220
24 ; 67 ; 3.829789
24 ; 68 ; 4.856208
24 ; 69 ; 2.102661
24 ; 70 ; 2.424145
24 ; 71 ; 5.934684
24 ; 72 ; 8.132915
24 ; 73 ; 9.016041
24 ; 74 ; 6.551241
24 ; 75 ; 2.429103
24 ; 76 ; 17.392412
24 ; 77 ; 2.321140
24 ; 78 ; 0.656008
24 ; 79 ; 2.456712
24 ; 80 ; 20.574553
24 ; 81 ; 3.944668
24 ; 82 ; 6.902108
24 ; 83 ; 0.938199
24 ; 84 ; 1.220495
24 ; 85 ; 2.726231
24 ; 86 ; 2.982212
24 ; 87 ; 16.150696
24 ; 88 ; 4.321593
24 ; 89 ; 6.203298
24 ; 90 ; 0.841933
24 ; 91 ; 4.890990
24 ; 92 ; 6.140378
24 ; 93 ; 8.103507
24 ; 94 ; 3.869664
24 ; 95 ; 4.556263
24 ; 96 ; 0.584664
24 ; 97 ; 3.604206
24 ; 98 ; 15.153665
24 ; 99 ; 7.707569
25 ; 0 ; 0.683399
25 ; 1 ; 4.530519
25 ; 2 ; 7.741186
25 ; 3 ; 0.763104
25 ; 4 ; 4.300271
25 ; 5 ; 2.778889
25 ; 6 ; 16.752649
25 ; 7 ; 13.177161
25 ; 8 ; 1.642147
25 ; 9 ; 0.323354
25 ; 10 ; 0.063885
25 ; 11 ; 2.040084
25 ; 12 ; 1.015185
25 ; 13 ; 4.039263
25 ; 14 ; 7.614346
25 ; 15 ; 6.703438
25 ; 16 ; 3.270173
25 ; 17 ; 2.021988
25 ; 18 ; 1.852937
25 ; 19 ; 17.537930
25 ; 20 ; 0.679551
25 ; 21 ; 0.019876
25 ; 22 ; 3.907858
25 ; 23 ; 7.383273
25 ; 24 ; 1.935624
25 ; 25 ; 2.743106
25 ; 26 ; 11.503321
25 ; 27 ; 3.815367
25 ; 28 ; 6.025513
25 ; 29 ; 5.873553
25 ; 30 ; 5.395296
25 ; 31 ; 1.062896
25 ; 32 ; 26.801125
25 ; 33 ; 6.923391
25 ; 34 ; 2.226879
25 ; 35 ; 0.459322
25 ; 36 ; 0.323191
25 ; 37 ; 0.316034
25 ; 38 ; 4.426999
25 ; 39 ; 0.352087
25 ; 40 ; 0.376048
25 ; 41 ; 2.154983
25 ; 42 ; 1.478089
25 ; 43 ; 21.552017
25 ; 44 ; 15.714997
25 ; 45 ; 14.715180
25 ; 46 ; 9.641671
25 ; 47 ; 6.069499
25 ; 48 ; 1.259799
25 ; 49 ; 5.124440
25 ; 50 ; 2.860959
25 ; 51 ; 3.024223
25 ; 52 ; 0.204956
25 ; 53 ; 1.930907
25 ; 54 ; 19.055029
25 ; 55 ; 0.896220
25 ; 56 ; 3.829789
25 ; 57 ; 4.856208
25 ; 58 ; 2.102661
25 ; 59 ; 2.424145
25 ; 60 ; 5.934684
25 ; 61 ; 8.132915
25 ; 62 ; 9.016041
25 ; 63 ; 6.551241
25 ; 64 ; 2.429103
25 ; 65 ; 17.392412
25 ; 66 ; 2.321140
25 ; 67 ; 0.656008
25 ; 68 ; 2.456712
25 ; 69 ; 20.574553
25 ; 70 ; 3.944668
25 ; 71 ; 6.902108
25 ; 72 ; 0.938199
25 ; 73 ; 1.220495
25 ; 74 ; 2.726231
25 ; 75 ; 2.982212
25 ; 76 ; 16.150696
25 ; 77 ; 4.321593
25 ; 78 ; 6.203298
25 ; 79 ; 0.841933
25 ; 80 ; 4.890990
25 ; 81 ; 6.140378
25 ; 82 ; 8.103507
25 ; 83 ; 3.869664
25 ; 84 ; 4.556263
25 ; 85 ; 0.584664
25 ; 86 ; 3.604206
25 ; 87 ; 15.153665
25 ; 88 ; 7.707569
25 ; 89 ; 1.773553
25 ; 90 ; 12.743169
25 ; 91 ; 1.535013
25 ; 92 ; 10.148224
25 ; 93 ; 9.687006
25 ; 94 ; 11.848503
25 ; 95 ; 19.404921
25 ; 96 ; 8.057424
25 ; 97 ; 4.314717
25 ; 98 ; 14.325447
25 ; 99 ; 24.950027
26 ; 0 ; 2.040084
26 ; 1 ; 1.015185
26 ; 2 ; 4.039263
26 ; 3 ; 7.614346
26 ; 4 ; 6.703438
26 ; 5 ; 3.270173
26 ; 6 ; 2.021988
26 ; 7 ; 1.852937
26 ; 8 ; 17.537930
26 ; 9 ; 0.679551
26 ; 10 ; 0.019876
26 ; 11 ; 3.907858
26 ; 12 ; 7.383273
26 ; 13 ; 1.935624
26 ; 14 ; 2.743106
26 ; 15 ; 11.503321
26 ; 16 ; 3.815367
26 ; 17 ; 6.025513
26 ; 18 ; 5.873553
26 ; 19 ; 5.395296
26 ; 20 ; 1.062896
26 ; 21 ; 26.801125
26 ; 22 ; 6.923391
26 ; 23 ; 2.226879
26 ; 24 ; 0.459322
26 ; 25 ; 0.323191
26 ; 26 ; 0.316034
26 ; 27 ; 4.426999
26 ; 28 ; 0.352087
26 ; 29 ; 0.376048
26 ; 30 ; 2.154983
26 ; 31 ; 1.478089
26 ; 32 ; 21.552017
26 ; 33 ; 15.714997
26 ; 34 ; 14.715180
26 ; 35 ; 9.641671
26 ; 36 ; 6.069499
26 ; 37 ; 1.259799
26 ; 38 ; 5.124440
26 ; 39 ; 2.860959
26 ; 40 ; 3.024223
26 ; 41 ; 0.204956
26 ; 42 ; 1.930907
26 ; 43 ; 19.055029
26 ; 44 ; 0.896220
26 ; 45 ; 3.829789
26 ; 46 ; 4.856208
26 ; 47 ; 2.102661
26 ; 48 ; 2.424145
26 ; 49 ; 5.934684
26 ; 50 ; 8.132915
26 ; 51 ; 9.016041
26 ; 52 ; 6.551241
26 ; 53 ; 2.429103
26 ; 54 ; 17.392412
26 ; 55 ; 2.321140
26 ; 56 ; 0.656008
26 ; 57 ; 2.456712
26 ; 58 ; 20.574553
26 ; 59 ; 3.944668
26 ; 60 ; 6.902108
26 ; 61 ; 0.938199
26 ; 62 ; 1.220495
26 ; 63 ; 2.726231
26 ; 64 ; 2.982212
26 ; 65 ; 16.150696
26 ; 66 ; 4.321593
26 ; 67 ; 6.203298
26 ; 68 ; 0.841933
26 ; 69 ; 4.890990
26 ; 70 ; 6.140378
26 ; 71 ; 8.103507
26 ; 72 ; 3.869664
26 ; 73 ; 4.556263
26 ; 74 ; 0.584664
26 ; 75 ; 3.604206
26 ; 76 ; 15.153665
26 ; 77 ; 7.707569
26 ; 78 ; 1.773553
26 ; 79 ; 12.743169
26 ; 80 ; 1.535013
26 ; 81 ; 10.148224
26 ; 82 ; 9.687006
26 ; 83 ; 11.848503
26 ; 84 ; 19.404921
26 ; 85 ; 8.057424
26 ; 86 ; 4.314717
26 ; 87 ; 14.325447
26 ; 88 ; 24.950027
26 ; 89 ; 10.879835
26 ; 90 ; 5.833700
26 ; 91 ; 11.754741
26 ; 92 ; 0.152609
26 ; 93 ; 12.019474
26 ; 94 ; 1.602254
26 ; 95 ; 2.237133
26 ; 96 ; 3.371264
26 ; 97 ; 5.143613
26 ; 98 ; 13.612802
26 ; 99 ; 1.118504
27 ; 0 ; 3.907858
27 ; 1 ; 7.383273
27 ; 2 ; 1.935624
27 ; 3 ; 2.743106
27 ; 4 ; 11.503321
27 ; 5 ; 3.815367
27 ; 6 ; 6.025513
27 ; 7 ; 5.873553
27 ; 8 ; 5.395296
27 ; 9 ; 1.062896
27 ; 10 ; 26.801125
27 ; 11 ; 6.923391
27 ; 12 ; 2.226879
27 ; 13 ; 0.459322
27 ; 14 ; 0.323191
27 ; 15 ; 0.316034
27 ; 16 ; 4.426999
27 ; 17 ; 0.352087
27 ; 18 ; 0.376048
27 ; 19 ; 2.154983
27 ; 20 ; 1.478089
27 ; 21 ; 21.552017
27 ; 22 ; 15.714997
27 ; 23 ; 14.715180
27 ; 24 ; 9.641671
27 ; 25 ; 6.069499
27 ; 26 ; 1.259799
27 ; 27 ; 5.124440
27 ; 28 ; 2.860959
27 ; 29 ; 3.024223
27 ; 30 ; 0.204956
27 ; 31 ; 1.930907
27 ; 32 ; 19.055029
27 ; 33 ; 0.896220
27 ; 34 ; 3.829789
27 ; 35 ; 4.856208
27 ; 36 ; 2.102661
27 ; 37 ; 2.424145
27 ; 38 ; 5.934684
27 ; 39 ; 8.132915
27 ; 40 ; 9.016041
27 ; 41 ; 6.551241
27 ; 42 ; 2.429103
27 ; 43 ; 17.392412
27 ; 44 ; 2.321140
27 ; 45 ; 0.656008
27 ; 46 ; 2.456712
27 ; 47 ; 20.574553
27 ; 48 ; 3.944668
27 ; 49 ; 6.902108
27 ; 50 ; 0.938199
27 ; 51 ; 1.220495
27 ; 52 ; 2.726231
27 ; 53 ; 2.982212
27 ; 54 ; 16.150696
27 ; 55 ; 4.321593
27 ; 56 ; 6.203298
27 ; 57 ; 0.841933
27 ; 58 ; 4.890990
27 ; 59 ; 6.140378
27 ; 60 ; 8.103507
27 ; 61 ; 3.869664
27 ; 62 ; 4.556263
27 ; 63 ; 0.584664
27 ; 64 ; 3.604206
27 ; 65 ; 15.153665
27 ; 66 ; 7.707569
27 ; 67 ; 1.773553
27 ; 68 ; 12.743169
27 ; 69 ; 1.535013
27 ; 70 ; 10.148224
27 ; 71 ; 9.687006
27 ; 72 ; 11.848503
27 ; 73 ; 19.404921
27 ; 74 ; 8.057424
27 ; 75 ; 4.314717
27 ; 76 ; 14.325447
27 ; 77 ; 24.950027
27 ; 78 ; 10.879835
27 ; 79 ; 5.833700
27 ; 80 ; 11.754741
27 ; 81 ; 0.152609
27 ; 82 ; 12.019474
27 ; 83 ; 1.602254
27 ; 84 ; 2.237133
27 ; 85 ; 3.371264
27 ; 86 ; 5.143613
27 ; 87 ; 13.612802
27 ; 88 ; 1.118504
27 ; 89 ; 3.215301
27 ; 90 ; 3.038493
27 ; 91 ; 3.937955
27 ; 92 ; 1.063084
27 ; 93 ; 16.527174
27 ; 94 ; 5.134230
27 ; 95 ; 6.776869
27 ; 96 ; 0.995408
27 ; 97 ; 6.137252
27 ; 98 ; 12.991224
27 ; 99 ; 2.618940
28 ; 0 ; 6.923391
28 ; 1 ; 2.226879
28 ; 2 ; 0.459322
28 ; 3 ; 0.323191
28 ; 4 ; 0.316034
28 ; 5 ; 4.426999
28 ; 6 ; 0.352087
28 ; 7 ; 0.376048
28 ; 8 ; 2.154983
28 ; 9 ; 1.478089
28 ; 10 ; 21.552017
28 ; 11 ; 15.714997
28 ; 12 ; 14.715180
28 ; 13 ; 9.641671
28 ; 14 ; 6.069499
28 ; 15 ; 1.259799
28 ; 16 ; 5.124440
28 ; 17 ; 2.860959
28 ; 18 ; 3.024223
28 ; 19 ; 0.204956
28 ; 20 ; 1.930907
28 ; 21 ; 19.055029
28 ; 22 ; 0.896220
28 ; 23 ; 3.829789
28 ; 24 ; 4.856208
28 ; 25 ; 2.102661
28 ; 26 ; 2.424145
28 ; 27 ; 5.934684
28 ; 28 ; 8.132915
28 ; 29 ; 9.016041
28 ; 30 ; 6.551241
28 ; 31 ; 2.429103
28 ; 32 ; 17.392412
28 ; 33 ; 2.321140
28 ; 34 ; 0.656008
28 ; 35 ; 2.456712
28 ; 36 ; 20.574553
28 ; 37 ; 3.944668
28 ; 38 ; 6.902108
28 ; 39 ; 0.938199
28 ; 40 ; 1.220495
28 ; 41 ; 2.726231
28 ; 42 ; 2.982212
28 ; 43 ; 16.150696
28 ; 44 ; 4.321593
28 ; 45 ; 6.203298
28 ; 46 ; 0.841933
28 ; 47 ; 4.890990
28 ; 48 ; 6.140378
28 ; 49 ; 8.103507
28 ; 50 ; 3.869664
28 ; 51 ; 4.556263
28 ; 52 ; 0.584664
28 ; 53 ; 3.604206
28 ; 54 ; 15.153665
28 ; 55 ; 7.707569
28 ; 56 ; 1.773553
28 ; 57 ; 12.743169
28 ; 58 ; 1.535013
28 ; 59 ; 10.148224
28 ; 60 ; 9.687006
28 ; 61 ; 11.848503
28 ; 62 ; 19.404921
28 ; 63 ; 8.057424
28 ; 64 ; 4.314717
28 ; 65 ; 14.325447
28 ; 66 ; 24.950027
28 ; 67 ; 10.879835
28 ; 68 ; 5.833700
28 ; 69 ; 11.754741
28 ; 70 ; 0.152609
28 ; 71 ; 12.019474
28 ; 72 ; 1.602254
28 ; 73 ; 2.237133
28 ; 74 ; 3.371264
28 ; 75 ; 5.143613
28 ; 76 ; 13.612802
28 ; 77 ; 1.118504
28 ; 78 ; 3.215301
28 ; 79 ; 3.038493
28 ; 80 ; 3.937955
28 ; 81 ; 1.063084
28 ; 82 ; 16.527174
28 ; 83 ; 5.134230
28 ; 84 ; 6.776869
28 ; 85 ; 0.995408
28 ; 86 ; 6.137252
28 ; 87 ; 12.991224
28 ; 88 ; 2.618940
28 ; 89 ; 0.320913
28 ; 90 ; 1.256463
28 ; 91 ; 1.025290
28 ; 92 ; 2.177104
28 ; 93 ; 0.085725
28 ; 94 ; 0.047991
28 ; 95 ; 0.659141
28 ; 96 ; 10.224294
28 ; 97 ; 7.378598
28 ; 98 ; 12.436605
28 ; 99 ; 4.772677
29 ; 0 ; 15.714997
29 ; 1 ; 14.715180
29 ; 2 ; 9.641671
29 ; 3 ; 6.069499
29 ; 4 ; 1.259799
29 ; 5 ; 5.124440
29 ; 6 ; 2.860959
29 ; 7 ; 3.024223
29 ; 8 ; 0.204956
29 ; 9 ; 1.930907
29 ; 10 ; 19.055029
29 ; 11 ; 0.896220
29 ; 12 ; 3.829789
29 ; 13 ; 4.856208
29 ; 14 ; 2.102661
29 ; 15 ; 2.424145
29 ; 16 ; 5.934684
29 ; 17 ; 8.132915
29 ; 18 ; 9.016041
29 ; 19 ; 6.551241
29 ; 20 ; 2.429103
29 ; 21 ; 17.392412
29 ; 22 ; 2.321140
29 ; 23 ; 0.656008
29 ; 24 ; 2.456712
29 ; 25 ; 20.574553
29 ; 26 ; 3.944668
29 ; 27 ; 6.902108
29 ; 28 ; 0.938199
29 ; 29 ; 1.220495
29 ; 30 ; 2.726231
29 ; 31 ; 2.982212
29 ; 32 ; 16.150696
29 ; 33 ; 4.321593
29 ; 34 ; 6.203298
29 ; 35 ; 0.841933
29 ; 36 ; 4.890990
29 ; 37 ; 6.140378
29 ; 38 ; 8.103507
29 ; 39 ; 3.869664
29 ; 40 ; 4.556263
29 ; 41 ; 0.584664
29 ; 42 ; 3.604206
29 ; 43 ; 15.153665
29 ; 44 ; 7.707569
29 ; 45 ; 1.773553
29 ; 46 ; 12.743169
29 ; 47 ; 1.535013
29 ; 48 ; 10.148224
29 ; 49 ; 9.687006
29 ; 50 ; 11.848503
29 ; 51 ; 19.404921
29 ; 52 ; 8.057424
29 ; 53 ; 4.314717
29 ; 54 ; 14.325447
29 ; 55 ; 24.950027
29 ; 56 ; 10.879835
29 ; 57 ; 5.833700
29 ; 58 ; 11.754741
29 ; 59 ; 0.152609
29 ; 60 ; 12.019474
29 ; 61 ; 1.602254
29 ; 62 ; 2.237133
29 ; 63 ; 3.371264
29 ; 64 ; 5.143613
29 ; 65 ; 13.612802
29 ; 66 ; 1.118504
29 ; 67 ; 3.215301
29 ; 68 ; 3.038493
29 ; 69 ; 3.937955
29 ; 70 ; 1.063084
29 ; 71 ; 16.527174
29 ; 72 ; 5.134230
29 ; 73 ; 6.776869
29 ; 74 ; 0.995408
29 ; 75 ; 6.137252
29 ; 76 ; 12.991224
29 ; 77 ; 2.618940
29 ; 78 ; 0.320913
29 ; 79 ; 1.256463
29 ; 80 ; 1.025290
29 ; 81 ; 2.177104
29 ; 82 ; 0.085725
29 ; 83 ; 0.047991
29 ; 84 ; 0.659141
29 ; 85 ; 10.224294
29 ; 86 ; 7.378598
29 ; 87 ; 12.436605
29 ; 88 ; 4.772677
29 ; 89 ; 5.249307
29 ; 90 ; 22.555367
29 ; 91 ; 8.736890
29 ; 92 ; 3.612370
29 ; 93 ; 0.366515
29 ; 94 ; 2.368210
29 ; 95 ; 3.514960
29 ; 96 ; 4.112010
29 ; 97 ; 9.033669
29 ; 98 ; 11.939072
29 ; 99 ; 8.637173
30 ; 0 ; 0.896220
30 ; 1 ; 3.829789
30 ; 2 ; 4.856208
30 ; 3 ; 2.102661
30 ; 4 ; 2.424145
30 ; 5 ; 5.934684
30 ; 6 ; 8.132915
30 ; 7 ; 9.016041
30 ; 8 ; 6.551241
30 ; 9 ; 2.429103
30 ; 10 ; 17.392412
30 ; 11 ; 2.321140
30 ; 12 ; 0.656008
30 ; 13 ; 2.456712
30 ; 14 ; 20.574553
30 ; 15 ; 3.944668
30 ; 16 ; 6.902108
30 ; 17 ; 0.938199
30 ; 18 ; 1.220495
30 ; 19 ; 2.726231
30 ; 20 ; 2.982212
30 ; 21 ; 16.150696
30 ; 22 ; 4.321593
30 ; 23 ; 6.203298
30 ; 24 ; 0.841933
30 ; 25 ; 4.890990
30 ; 26 ; 6.140378
30 ; 27 ; 8.103507
30 ; 28 ; 3.869664
30 ; 29 ; 4.556263
30 ; 30 ; 0.584664
30 ; 31 ; 3.604206
30 ; 32 ; 15.153665
30 ; 33 ; 7.707569
30 ; 34 ; 1.773553
30 ; 35 ; 12.743169
30 ; 36 ; 1.535013
30 ; 37 ; 10.148224
30 ; 38 ; 9.687006
30 ; 39 ; 11.848503
30 ; 40 ; 19.404921
30 ; 41 ; 8.057424
30 ; 42 ; 4.314717
30 ; 43 ; 14.325447
30 ; 44 ; 24.950027
30 ; 45 ; 10.879835
30 ; 46 ; 5.833700
30 ; 47 ; 11.754741
30 ; 48 ; 0.152609
30 ; 49 ; 12.019474
30 ; 50 ; 1.602254
30 ; 51 ; 2.237133
30 ; 52 ; 3.371264
30 ; 53 ; 5.143613
30 ; 54 ; 13.612802
30 ; 55 ; 1.118504
30 ; 56 ; 3.215301
30 ; 57 ; 3.038493
30 ; 58 ; 3.937955
30 ; 59 ; 1.063084
30 ; 60 ; 16.527174
30 ; 61 ; 5.134230
30 ; 62 ; 6.776869
30 ; 63 ; 0.995408
30 ; 64 ; 6.137252
30 ; 65 ; 12.991224
30 ; 66 ; 2.618940
30 ; 67 ; 0.320913
30 ; 68 ; 1.256463
30 ; 69 ; 1.025290
30 ; 70 ; 2.177104
30 ; 71 ; 0.085725
30 ; 72 ; 0.047991
30 ; 73 ; 0.659141
30 ; 74 ; 10.224294
30 ; 75 ; 7.378598
30 ; 76 ; 12.436605
30 ; 77 ; 4.772677
30 ; 78 ; 5.249307
30 ; 79 ; 22.555367
30 ; 80 ; 8.736890
30 ; 81 ; 3.612370
30 ; 82 ; 0.366515
30 ; 83 ; 2.368210
30 ; 84 ; 3.514960
30 ; 85 ; 4.112010
30 ; 86 ; 9.033669
30 ; 87 ; 11.939072
30 ; 88 ; 8.637173
30 ; 89 ; 1.357933
30 ; 90 ; 7.049277
30 ; 91 ; 3.137820
30 ; 92 ; 5.633885
30 ; 93 ; 0.664192
30 ; 94 ; 6.831612
30 ; 95 ; 10.870433
30 ; 96 ; 1.442939
30 ; 97 ; 11.526218
30 ; 98 ; 11.485083
30 ; 99 ; 0.149778
31 ; 0 ; 2.321140
31 ; 1 ; 0.656008
31 ; 2 ; 2.456712
31 ; 3 ; 20.574553
31 ; 4 ; 3.944668
31 ; 5 ; 6.902108
31 ; 6 ; 0.938199
31 ; 7 ; 1.220495
31 ; 8 ; 2.726231
31 ; 9 ; 2.982212
31 ; 10 ; 16.150696
31 ; 11 ; 4.321593
31 ; 12 ; 6.203298
31 ; 13 ; 0.841933
31 ; 14 ; 4.890990
31 ; 15 ; 6.140378
31 ; 16 ; 8.103507
31 ; 17 ; 3.869664
31 ; 18 ; 4.556263
31 ; 19 ; 0.584664
31 ; 20 ; 3.604206
31 ; 21 ; 15.153665
31 ; 22 ; 7.707569
31 ; 23 ; 1.773553
31 ; 24 ; 12.743169
31 ; 25 ; 1.535013
31 ; 26 ; 10.148224
31 ; 27 ; 9.687006
31 ; 28 ; 11.848503
31 ; 29 ; 19.404921
31 ; 30 ; 8.057424
31 ; 31 ; 4.314717
31 ; 32 ; 14.325447
31 ; 33 ; 24.950027
31 ; 34 ; 10.879835
31 ; 35 ; 5.833700
31 ; 36 ; 11.754741
31 ; 37 ; 0.152609
31 ; 38 ; 12.019474
31 ; 39 ; 1.602254
31 ; 40 ; 2.237133
31 ; 41 ; 3.371264
31 ; 42 ; 5.143613
31 ; 43 ; 13.612802
31 ; 44 ; 1.118504
31 ; 45 ; 3.215301
31 ; 46 ; 3.038493
31 ; 47 ; 3.937955
31 ; 48 ; 1.063084
31 ; 49 ; 16.527174
31 ; 50 ; 5.134230
31 ; 51 ; 6.776869
31 ; 52 ; 0.995408
31 ; 53 ; 6.137252
31 ; 54 ; 12.991224
31 ; 55 ; 2.618940
31 ; 56 ; 0.320913
31 ; 57 ; 1.256463
31 ; 58 ; 1.025290
31 ; 59 ; 2.177104
31 ; 60 ; 0.085725
31 ; 61 ; 0.047991
31 ; 62 ; 0.659141
31 ; 63 ; 10.224294
31 ; 64 ; 7.378598
31 ; 65 ; 12.436605
31 ; 66 ; 4.772677
31 ; 67 ; 5.249307
31 ; 68 ; 22.555367
31 ; 69 ; 8.736890
31 ; 70 ; 3.612370
31 ; 71 ; 0.366515
31 ; 72 ; 2.368210
31 ; 73 ; 3.514960
31 ; 74 ; 4.112010
31 ; 75 ; 9.033669
31 ; 76 ; 11.939072
31 ; 77 ; 8.637173
31 ; 78 ; 1.357933
31 ; 79 ; 7.049277
31 ; 80 ; 3.137820
31 ; 81 ; 5.633885
31 ; 82 ; 0.664192
31 ; 83 ; 6.831612
31 ; 84 ; 10.870433
31 ; 85 ; 1.442939
31 ; 86 ; 11.526218
31 ; 87 ; 11.485083
31 ; 88 ; 0.149778
31 ; 89 ; 8.735139
31 ; 90 ; 3.697312
31 ; 91 ; 0.562757
31 ; 92 ; 9.082230
31 ; 93 ; 0.980534
31 ; 94 ; 0.597544
31 ; 95 ; 1.557466
31 ; 96 ; 14.131093
31 ; 97 ; 16.717957
31 ; 98 ; 11.070297
31 ; 99 ; 1.351131
32 ; 0 ; 4.321593
32 ; 1 ; 6.203298
32 ; 2 ; 0.841933
32 ; 3 ; 4.890990
32 ; 4 ; 6.140378
32 ; 5 ; 8.103507
32 ; 6 ; 3.869664
32 ; 7 ; 4.556263
32 ; 8 ; 0.584664
32 ; 9 ; 3.604206
32 ; 10 ; 15.153665
32 ; 11 ; 7.707569
32 ; 12 ; 1.773553
32 ; 13 ; 12.743169
32 ; 14 ; 1.535013
32 ; 15 ; 10.148224
32 ; 16 ; 9.687006
32 ; 17 ; 11.848503
32 ; 18 ; 19.404921
32 ; 19 ; 8.057424
32 ; 20 ; 4.314717
32 ; 21 ; 14.325447
32 ; 22 ; 24.950027
32 ; 23 ; 10.879835
32 ; 24 ; 5.833700
32 ; 25 ; 11.754741
32 ; 26 ; 0.152609
32 ; 27 ; 12.019474
32 ; 28 ; 1.602254
32 ; 29 ; 2.237133
32 ; 30 ; 3.371264
32 ; 31 ; 5.143613
32 ; 32 ; 13.612802
32 ; 33 ; 1.118504
32 ; 34 ; 3.215301
32 ; 35 ; 3.038493
32 ; 36 ; 3.937955
32 ; 37 ; 1.063084
32 ; 38 ; 16.527174
32 ; 39 ; 5.134230
32 ; 40 ; 6.776869
32 ; 41 ; 0.995408
32 ; 42 ; 6.137252
32 ; 43 ; 12.991224
32 ; 44 ; 2.618940
32 ; 45 ; 0.320913
32 ; 46 ; 1.256463
32 ; 47 ; 1.025290
32 ; 48 ; 2.177104
32 ; 49 ; 0.085725
32 ; 50 ; 0.047991
32 ; 51 ; 0.659141
32 ; 52 ; 10.224294
32 ; 53 ; 7.378598
32 ; 54 ; 12.436605
32 ; 55 ; 4.772677
32 ; 56 ; 5.249307
32 ; 57 ; 22.555367
32 ; 58 ; 8.736890
32 ; 59 ; 3.612370
32 ; 60 ; 0.366515
32 ; 61 ; 2.368210
32 ; 62 ; 3.514960
32 ; 63 ; 4.112010
32 ; 64 ; 9.033669
32 ; 65 ; 11.939072
32 ; 66 ; 8.637173
32 ; 67 ; 1.357933
32 ; 68 ; 7.049277
32 ; 69 ; 3.137820
32 ; 70 ; 5.633885
32 ; 71 ; 0.664192
32 ; 72 ; 6.831612
32 ; 73 ; 10.870433
32 ; 74 ; 1.442939
32 ; 75 ; 11.526218
32 ; 76 ; 11.485083
32 ; 77 ; 0.149778
32 ; 78 ; 8.735139
32 ; 79 ; 3.697312
32 ; 80 ; 0.562757
32 ; 81 ; 9.082230
32 ; 82 ; 0.980534
32 ; 83 ; 0.597544
32 ; 84 ; 1.557466
32 ; 85 ; 14.131093
32 ; 86 ; 16.717957
32 ; 87 ; 11.070297
32 ; 88 ; 1.351131
32 ; 89 ; 2.668133
32 ; 90 ; 1.708277
32 ; 91 ; 6.868243
32 ; 92 ; 33.931297
32 ; 93 ; 1.318448
32 ; 94 ; 3.273108
32 ; 95 ; 5.235374
32 ; 96 ; 4.982322
32 ; 97 ; 0.147577
32 ; 98 ; 10.686013
32 ; 99 ; 2.935608
33 ; 0 ; 7.707569
33 ; 1 ; 1.773553
33 ; 2 ; 12.743169
33 ; 3 ; 1.535013
33 ; 4 ; 10.148224
33 ; 5 ; 9.687006
33 ; 6 ; 11.848503
33 ; 7 ; 19.404921
33 ; 8 ; 8.057424
33 ; 9 ; 4.314717
33 ; 10 ; 14.325447
33 ; 11 ; 24.950027
33 ; 12 ; 10.879835
33 ; 13 ; 5.833700
33 ; 14 ; 11.754741
33 ; 15 ; 0.152609
33 ; 16 ; 12.019474
33 ; 17 ; 1.602254
33 ; 18 ; 2.237133
33 ; 19 ; 3.371264
33 ; 20 ; 5.143613
33 ; 21 ; 13.612802
33 ; 22 ; 1.118504
33 ; 23 ; 3.215301
33 ; 24 ; 3.038493
33 ; 25 ; 3.937955
33 ; 26 ; 1.063084
33 ; 27 ; 16.527174
33 ; 28 ; 5.134230
33 ; 29 ; 6.776869
33 ; 30 ; 0.995408
33 ; 31 ; 6.137252
33 ; 32 ; 12.991224
33 ; 33 ; 2.618940
33 ; 34 ; 0.320913
33 ; 35 ; 1.256463
33 ; 36 ; 1.025290
33 ; 37 ; 2.177104
33 ; 38 ; 0.085725
33 ; 39 ; 0.047991
33 ; 40 ; 0.659141
33 ; 41 ; 10.224294
33 ; 42 ; 7.378598
33 ; 43 ; 12.436605
33 ; 44 ; 4.772677
33 ; 45 ; 5.249307
33 ; 46 ; 22.555367
33 ; 47 ; 8.736890
33 ; 48 ; 3.612370
33 ; 49 ; 0.366515
33 ; 50 ; 2.368210
33 ; 51 ; 3.514960
33 ; 52 ; 4.112010
33 ; 53 ; 9.033669
33 ; 54 ; 11.939072
33 ; 55 ; 8.637173
33 ; 56 ; 1.357933
33 ; 57 ; 7.049277
33 ; 58 ; 3.137820
33 ; 59 ; 5.633885
33 ; 60 ; 0.664192
33 ; 61 ; 6.831612
33 ; 62 ; 10.870433
33 ; 63 ; 1.442939
33 ; 64 ; 11.526218
33 ; 65 ; 11.485083
33 ; 66 ; 0.149778
33 ; 67 ; 8.735139
33 ; 68 ; 3.697312
33 ; 69 ; 0.562757
33 ; 70 ; 9.082230
33 ; 71 ; 0.980534
33 ; 72 ; 0.597544
33 ; 73 ; 1.557466
33 ; 74 ; 14.131093
33 ; 75 ; 16.717957
33 ; 76 ; 11.070297
33 ; 77 ; 1.351131
33 ; 78 ; 2.668133
33 ; 79 ; 1.708277
33 ; 80 ; 6.868243
33 ; 81 ; 33.931297
33 ; 82 ; 1.318448
33 ; 83 ; 3.273108
33 ; 84 ; 5.235374
33 ; 85 ; 4.982322
33 ; 86 ; 0.147577
33 ; 87 ; 10.686013
33 ; 88 ; 2.935608
33 ; 89 ; 0.006871
33 ; 90 ; 0.289285
33 ; 91 ; 2.448239
33 ; 92 ; 0.873635
33 ; 93 ; 1.680652
33 ; 94 ; 9.420964
33 ; 95 ; 0.154340
33 ; 96 ; 1.934725
33 ; 97 ; 0.490869
33 ; 98 ; 10.330364
33 ; 99 ; 5.268090
34 ; 0 ; 24.950027
34 ; 1 ; 10.879835
34 ; 2 ; 5.833700
34 ; 3 ; 11.754741
34 ; 4 ; 0.152609
34 ; 5 ; 12.019474
34 ; 6 ; 1.602254
34 ; 7 ; 2.237133
34 ; 8 ; 3.371264
34 ; 9 ; 5.143613
34 ; 10 ; 13.612802
34 ; 11 ; 1.118504
34 ; 12 ; 3.215301
34 ; 13 ; 3.038493
34 ; 14 ; 3.937955
34 ; 15 ; 1.063084
34 ; 16 ; 16.527174
34 ; 17 ; 5.134230
34 ; 18 ; 6.776869
34 ; 19 ; 0.995408
34 ; 20 ; 6.137252
34 ; 21 ; 12.991224
34 ; 22 ; 2.618940
34 ; 23 ; 0.320913
34 ; 24 ; 1.256463
34 ; 25 ; 1.025290
34 ; 26 ; 2.177104
34 ; 27 ; 0.085725
34 ; 28 ; 0.047991
34 ; 29 ; 0.659141
34 ; 30 ; 10.224294
34 ; 31 ; 7.378598
34 ; 32 ; 12.436605
34 ; 33 ; 4.772677
34 ; 34 ; 5.249307
34 ; 35 ; 22.555367
34 ; 36 ; 8.736890
34 ; 37 ; 3.612370
34 ; 38 ; 0.366515
34 ; 39 ; 2.368210
34 ; 40 ; 3.514960
34 ; 41 ; 4.112010
34 ; 42 ; 9.033669
34 ; 43 ; 11.939072
34 ; 44 ; 8.637173
34 ; 45 ; 1.357933
34 ; 46 ; 7.049277
34 ; 47 ; 3.137820
34 ; 48 ; 5.633885
34 ; 49 ; 0.664192
34 ; 50 ; 6.831612
34 ; 51 ; 10.870433
34 ; 52 ; 1.442939
34 ; 53 ; 11.526218
34 ; 54 ; 11.485083
34 ; 55 ; 0.149778
34 ; 56 ; 8.735139
34 ; 57 ; 3.697312
34 ; 58 ; 0.562757
34 ; 59 ; 9.082230
34 ; 60 ; 0.980534
34 ; 61 ; 0.597544
34 ; 62 ; 1.557466
34 ; 63 ; 14.131093
34 ; 64 ; 16.717957
34 ; 65 ; 11.070297
34 ; 66 ; 1.351131
34 ; 67 ; 2.668133
34 ; 68 ; 1.708277
34 ; 69 ; 6.868243
34 ; 70 ; 33.931297
34 ; 71 ; 1.318448
34 ; 72 ; 3.273108
34 ; 73 ; 5.235374
34 ; 74 ; 4.982322
34 ; 75 ; 0.147577
34 ; 76 ; 10.686013
34 ; 77 ; 2.935608
34 ; 78 ; 0.006871
34 ; 79 ; 0.289285
34 ; 80 ; 2.448239
34 ; 81 ; 0.873635
34 ; 82 ; 1.680652
34 ; 83 ; 9.420964
34 ; 84 ; 0.154340
34 ; 85 ; 1.934725
34 ; 86 ; 0.490869
34 ; 87 ; 10.330364
34 ; 88 ; 5.268090
34 ; 89 ; 4.448498
34 ; 90 ; 8.658682
34 ; 91 ; 0.139411
34 ; 92 ; 1.941471
34 ; 93 ; 2.071390
34 ; 94 ; 1.215044
34 ; 95 ; 2.653324
34 ; 96 ; 0.054775
34 ; 97 ; 0.859661
34 ; 98 ; 9.997218
34 ; 99 ; 9.781086
35 ; 0 ; 1.118504
35 ; 1 ; 3.215301
35 ; 2 ; 3.038493
35 ; 3 ; 3.937955
35 ; 4 ; 1.063084
35 ; 5 ; 16.527174
35 ; 6 ; 5.134230
35 ; 7 ; 6.776869
35 ; 8 ; 0.995408
35 ; 9 ; 6.137252
35 ; 10 ; 12.991224
35 ; 11 ; 2.618940
35 ; 12 ; 0.320913
35 ; 13 ; 1.256463
35 ; 14 ; 1.025290
35 ; 15 ; 2.177104
35 ; 16 ; 0.085725
35 ; 17 ; 0.047991
35 ; 18 ; 0.659141
35 ; 19 ; 10.224294
35 ; 20 ; 7.378598
35 ; 21 ; 12.436605
35 ; 22 ; 4.772677
35 ; 23 ; 5.249307
35 ; 24 ; 22.555367
35 ; 25 ; 8.736890
35 ; 26 ; 3.612370
35 ; 27 ; 0.366515
35 ; 28 ; 2.368210
35 ; 29 ; 3.514960
35 ; 30 ; 4.112010
35 ; 31 ; 9.033669
35 ; 32 ; 11.939072
35 ; 33 ; 8.637173
35 ; 34 ; 1.357933
35 ; 35 ; 7.049277
35 ; 36 ; 3.137820
35 ; 37 ; 5.633885
35 ; 38 ; 0.664192
35 ; 39 ; 6.831612
35 ; 40 ; 10.870433
35 ; 41 ; 1.442939
35 ; 42 ; 11.526218
35 ; 43 ; 11.485083
35 ; 44 ; 0.149778
35 ; 45 ; 8.735139
35 ; 46 ; 3.697312
35 ; 47 ; 0.562757
35 ; 48 ; 9.082230
35 ; 49 ; 0.980534
35 ; 50 ; 0.597544
35 ; 51 ; 1.557466
35 ; 52 ; 14.131093
35 ; 53 ; 16.717957
35 ; 54 ; 11.070297
35 ; 55 ; 1.351131
35 ; 56 ; 2.668133
35 ; 57 ; 1.708277
35 ; 58 ; 6.868243
35 ; 59 ; 33.931297
35 ; 60 ; 1.318448
35 ; 61 ; 3.273108
35 ; 62 ; 5.235374
35 ; 63 ; 4.982322
35 ; 64 ; 0.147577
35 ; 65 ; 10.686013
35 ; 66 ; 2.935608
35 ; 67 ; 0.006871
35 ; 68 ; 0.289285
35 ; 69 ; 2.448239
35 ; 70 ; 0.873635
35 ; 71 ; 1.680652
35 ; 72 ; 9.420964
35 ; 73 ; 0.154340
35 ; 74 ; 1.934725
35 ; 75 ; 0.490869
35 ; 76 ; 10.330364
35 ; 77 ; 5.268090
35 ; 78 ; 4.448498
35 ; 79 ; 8.658682
35 ; 80 ; 0.139411
35 ; 81 ; 1.941471
35 ; 82 ; 2.071390
35 ; 83 ; 1.215044
35 ; 84 ; 2.653324
35 ; 85 ; 0.054775
35 ; 86 ; 0.859661
35 ; 87 ; 9.997218
35 ; 88 ; 9.781086
35 ; 89 ; 0.974226
35 ; 90 ; 4.455933
35 ; 91 ; 5.511100
35 ; 92 ; 3.301083
35 ; 93 ; 2.495018
35 ; 94 ; 4.378412
35 ; 95 ; 7.880175
35 ; 96 ; 6.036219
35 ; 97 ; 1.257640
35 ; 98 ; 9.685951
35 ; 99 ; 0.340639
36 ; 0 ; 2.618940
36 ; 1 ; 0.320913
36 ; 2 ; 1.256463
36 ; 3 ; 1.025290
36 ; 4 ; 2.177104
36 ; 5 ; 0.085725
36 ; 6 ; 0.047991
36 ; 7 ; 0.659141
36 ; 8 ; 10.224294
36 ; 9 ; 7.378598
36 ; 10 ; 12.436605
36 ; 11 ; 4.772677
36 ; 12 ; 5.249307
36 ; 13 ; 22.555367
36 ; 14 ; 8.736890
36 ; 15 ; 3.612370
36 ; 16 ; 0.366515
36 ; 17 ; 2.368210
36 ; 18 ; 3.514960
36 ; 19 ; 4.112010
36 ; 20 ; 9.033669
36 ; 21 ; 11.939072
36 ; 22 ; 8.637173
36 ; 23 ; 1.357933
36 ; 24 ; 7.049277
36 ; 25 ; 3.137820
36 ; 26 ; 5.633885
36 ; 27 ; 0.664192
36 ; 28 ; 6.831612
36 ; 29 ; 10.870433
36 ; 30 ; 1.442939
36 ; 31 ; 11.526218
36 ; 32 ; 11.485083
36 ; 33 ; 0.149778
36 ; 34 ; 8.735139
36 ; 35 ; 3.697312
36 ; 36 ; 0.562757
36 ; 37 ; 9.082230
36 ; 38 ; 0.980534
36 ; 39 ; 0.597544
36 ; 40 ; 1.557466
36 ; 41 ; 14.131093
36 ; 42 ; 16.717957
36 ; 43 ; 11.070297
36 ; 44 ; 1.351131
36 ; 45 ; 2.668133
36 ; 46 ; 1.708277
36 ; 47 ; 6.868243
36 ; 48 ; 33.931297
36 ; 49 ; 1.318448
36 ; 50 ; 3.273108
36 ; 51 ; 5.235374
36 ; 52 ; 4.982322
36 ; 53 ; 0.147577
36 ; 54 ; 10.686013
36 ; 55 ; 2.935608
36 ; 56 ; 0.006871
36 ; 57 ; 0.289285
36 ; 58 ; 2.448239
36 ; 59 ; 0.873635
36 ; 60 ; 1.680652
36 ; 61 ; 9.420964
36 ; 62 ; 0.154340
36 ; 63 ; 1.934725
36 ; 64 ; 0.490869
36 ; 65 ; 10.330364
36 ; 66 ; 5.268090
36 ; 67 ; 4.448498
36 ; 68 ; 8.658682
36 ; 69 ; 0.139411
36 ; 70 ; 1.941471
36 ; 71 ; 2.071390
36 ; 72 ; 1.215044
36 ; 73 ; 2.653324
36 ; 74 ; 0.054775
36 ; 75 ; 0.859661
36 ; 76 ; 9.997218
36 ; 77 ; 9.781086
36 ; 78 ; 0.974226
36 ; 79 ; 4.455933
36 ; 80 ; 5.511100
36 ; 81 ; 3.301083
36 ; 82 ; 2.495018
36 ; 83 ; 4.378412
36 ; 84 ; 7.880175
36 ; 85 ; 6.036219
36 ; 86 ; 1.257640
36 ; 87 ; 9.685951
36 ; 88 ; 0.340639
36 ; 89 ; 7.239060
36 ; 90 ; 2.205012
36 ; 91 ; 1.842338
36 ; 92 ; 5.174442
36 ; 93 ; 2.958167
36 ; 94 ; 15.093967
36 ; 95 ; 0.959229
36 ; 96 ; 2.479961
36 ; 97 ; 1.690058
36 ; 98 ; 9.391927
36 ; 99 ; 1.595111
37 ; 0 ; 4.772677
37 ; 1 ; 5.249307
37 ; 2 ; 22.555367
37 ; 3 ; 8.736890
37 ; 4 ; 3.612370
37 ; 5 ; 0.366515
37 ; 6 ; 2.368210
37 ; 7 ; 3.514960
37 ; 8 ; 4.112010
37 ; 9 ; 9.033669
37 ; 10 ; 11.939072
37 ; 11 ; 8.637173
37 ; 12 ; 1.357933
37 ; 13 ; 7.049277
37 ; 14 ; 3.137820
37 ; 15 ; 5.633885
37 ; 16 ; 0.664192
37 ; 17 ; 6.831612
37 ; 18 ; 10.870433
37 ; 19 ; 1.442939
37 ; 20 ; 11.526218
37 ; 21 ; 11.485083
37 ; 22 ; 0.149778
37 ; 23 ; 8.735139
37 ; 24 ; 3.697312
37 ; 25 ; 0.562757
37 ; 26 ; 9.082230
37 ; 27 ; 0.980534
37 ; 28 ; 0.597544
37 ; 29 ; 1.557466
37 ; 30 ; 14.131093
37 ; 31 ; 16.717957
37 ; 32 ; 11.070297
37 ; 33 ; 1.351131
37 ; 34 ; 2.668133
37 ; 35 ; 1.708277
37 ; 36 ; 6.868243
37 ; 37 ; 33.931297
37 ; 38 ; 1.318448
37 ; 39 ; 3.273108
37 ; 40 ; 5.235374
37 ; 41 ; 4.982322
37 ; 42 ; 0.147577
37 ; 43 ; 10.686013
37 ; 44 ; 2.935608
37 ; 45 ; 0.006871
37 ; 46 ; 0.289285
37 ; 47 ; 2.448239
37 ; 48 ; 0.873635
37 ; 49 ; 1.680652
37 ; 50 ; 9.420964
37 ; 51 ; 0.154340
37 ; 52 ; 1.934725
37 ; 53 ; 0.490869
37 ; 54 ; 10.330364
37 ; 55 ; 5.268090
37 ; 56 ; 4.448498
37 ; 57 ; 8.658682
37 ; 58 ; 0.139411
37 ; 59 ; 1.941471
37 ; 60 ; 2.071390
37 ; 61 ; 1.215044
37 ; 62 ; 2.653324
37 ; 63 ; 0.054775
37 ; 64 ; 0.859661
37 ; 65 ; 9.997218
37 ; 66 ; 9.781086
37 ; 67 ; 0.974226
37 ; 68 ; 4.455933
37 ; 69 ; 5.511100
37 ; 70 ; 3.301083
37 ; 71 ; 2.495018
37 ; 72 ; 4.378412
37 ; 73 ; 7.880175
37 ; 74 ; 6.036219
37 ; 75 ; 1.257640
37 ; 76 ; 9.685951
37 ; 77 ; 0.340639
37 ; 78 ; 7.239060
37 ; 79 ; 2.205012
37 ; 80 ; 1.842338
37 ; 81 ; 5.174442
37 ; 82 ; 2.958167
37 ; 83 ; 15.093967
37 ; 84 ; 0.959229
37 ; 85 ; 2.479961
37 ; 86 ; 1.690058
37 ; 87 ; 9.391927
37 ; 88 ; 1.595111
37 ; 89 ; 2.174982
37 ; 90 ; 0.658619
37 ; 91 ; 14.838282
37 ; 92 ; 8.204836
37 ; 93 ; 3.468330
37 ; 94 ; 1.919694
37 ; 95 ; 4.059155
37 ; 96 ; 0.422823
37 ; 97 ; 2.163678
37 ; 98 ; 9.115185
37 ; 99 ; 3.273695
38 ; 0 ; 8.637173
38 ; 1 ; 1.357933
38 ; 2 ; 7.049277
38 ; 3 ; 3.137820
38 ; 4 ; 5.633885
38 ; 5 ; 0.664192
38 ; 6 ; 6.831612
38 ; 7 ; 10.870433
38 ; 8 ; 1.442939
38 ; 9 ; 11.526218
38 ; 10 ; 11.485083
38 ; 11 ; 0.149778
38 ; 12 ; 8.735139
38 ; 13 ; 3.697312
38 ; 14 ; 0.562757
38 ; 15 ; 9.082230
38 ; 16 ; 0.980534
38 ; 17 ; 0.597544
38 ; 18 ; 1.557466
38 ; 19 ; 14.131093
38 ; 20 ; 16.717957
38 ; 21 ; 11.070297
38 ; 22 ; 1.351131
38 ; 23 ; 2.668133
38 ; 24 ; 1.708277
38 ; 25 ; 6.868243
38 ; 26 ; 33.931297
38 ; 27 ; 1.318448
38 ; 28 ; 3.273108
38 ; 29 ; 5.235374
38 ; 30 ; 4.982322
38 ; 31 ; 0.147577
38 ; 32 ; 10.686013
38 ; 33 ; 2.935608
38 ; 34 ; 0.006871
38 ; 35 ; 0.289285
38 ; 36 ; 2.448239
38 ; 37 ; 0.873635
38 ; 38 ; 1.680652
38 ; 39 ; 9.420964
38 ; 40 ; 0.154340
38 ; 41 ; 1.934725
38 ; 42 ; 0.490869
38 ; 43 ; 10.330364
38 ; 44 ; 5.268090
38 ; 45 ; 4.448498
38 ; 46 ; 8.658682
38 ; 47 ; 0.139411
38 ; 48 ; 1.941471
38 ; 49 ; 2.071390
38 ; 50 ; 1.215044
38 ; 51 ; 2.653324
38 ; 52 ; 0.054775
38 ; 53 ; 0.859661
38 ; 54 ; 9.997218
38 ; 55 ; 9.781086
38 ; 56 ; 0.974226
38 ; 57 ; 4.455933
38 ; 58 ; 5.511100
38 ; 59 ; 3.301083
38 ; 60 ; 2.495018
38 ; 61 ; 4.378412
38 ; 62 ; 7.880175
38 ; 63 ; 6.036219
38 ; 64 ; 1.257640
38 ; 65 ; 9.685951
38 ; 66 ; 0.340639
38 ; 67 ; 7.239060
38 ; 68 ; 2.205012
38 ; 69 ; 1.842338
38 ; 70 ; 5.174442
38 ; 71 ; 2.958167
38 ; 72 ; 15.093967
38 ; 73 ; 0.959229
38 ; 74 ; 2.479961
38 ; 75 ; 1.690058
38 ; 76 ; 9.391927
38 ; 77 ; 1.595111
38 ; 78 ; 2.174982
38 ; 79 ; 0.658619
38 ; 80 ; 14.838282
38 ; 81 ; 8.204836
38 ; 82 ; 3.468330
38 ; 83 ; 1.919694
38 ; 84 ; 4.059155
38 ; 85 ; 0.422823
38 ; 86 ; 2.163678
38 ; 87 ; 9.115185
38 ; 88 ; 3.273695
38 ; 89 ; 14.118229
38 ; 90 ; 11.047998
38 ; 91 ; 4.444785
38 ; 92 ; 17.160484
38 ; 93 ; 4.036868
38 ; 94 ; 5.800001
38 ; 95 ; 13.850598
38 ; 96 ; 7.373261
38 ; 97 ; 2.686641
38 ; 98 ; 8.852064
38 ; 99 ; 5.818532
39 ; 0 ; 0.149778
39 ; 1 ; 8.735139
39 ; 2 ; 3.697312
39 ; 3 ; 0.562757
39 ; 4 ; 9.082230
39 ; 5 ; 0.980534
39 ; 6 ; 0.597544
39 ; 7 ; 1.557466
39 ; 8 ; 14.131093
39 ; 9 ; 16.717957
39 ; 10 ; 11.070297
39 ; 11 ; 1.351131
39 ; 12 ; 2.668133
39 ; 13 ; 1.708277
39 ; 14 ; 6.868243
39 ; 15 ; 33.931297
39 ; 16 ; 1.318448
39 ; 17 ; 3.273108
39 ; 18 ; 5.235374
39 ; 19 ; 4.982322
39 ; 20 ; 0.147577
39 ; 21 ; 10.686013
39 ; 22 ; 2.935608
39 ; 23 ; 0.006871
39 ; 24 ; 0.289285
39 ; 25 ; 2.448239
39 ; 26 ; 0.873635
39 ; 27 ; 1.680652
39 ; 28 ; 9.420964
39 ; 29 ; 0.154340
39 ; 30 ; 1.934725
39 ; 31 ; 0.490869
39 ; 32 ; 10.330364
39 ; 33 ; 5.268090
39 ; 34 ; 4.448498
39 ; 35 ; 8.658682
39 ; 36 ; 0.139411
39 ; 37 ; 1.941471
39 ; 38 ; 2.071390
39 ; 39 ; 1.215044
39 ; 40 ; 2.653324
39 ; 41 ; 0.054775
39 ; 42 ; 0.859661
39 ; 43 ; 9.997218
39 ; 44 ; 9.781086
39 ; 45 ; 0.974226
39 ; 46 ; 4.455933
39 ; 47 ; 5.511100
39 ; 48 ; 3.301083
39 ; 49 ; 2.495018
39 ; 50 ; 4.378412
39 ; 51 ; 7.880175
39 ; 52 ; 6.036219
39 ; 53 ; 1.257640
39 ; 54 ; 9.685951
39 ; 55 ; 0.340639
39 ; 56 ; 7.239060
39 ; 57 ; 2.205012
39 ; 58 ; 1.842338
39 ; 59 ; 5.174442
39 ; 60 ; 2.958167
39 ; 61 ; 15.093967
39 ; 62 ; 0.959229
39 ; 63 ; 2.479961
39 ; 64 ; 1.690058
39 ; 65 ; 9.391927
39 ; 66 ; 1.595111
39 ; 67 ; 2.174982
39 ; 68 ; 0.658619
39 ; 69 ; 14.838282
39 ; 70 ; 8.204836
39 ; 71 ; 3.468330
39 ; 72 ; 1.919694
39 ; 73 ; 4.059155
39 ; 74 ; 0.422823
39 ; 75 ; 2.163678
39 ; 76 ; 9.115185
39 ; 77 ; 3.273695
39 ; 78 ; 14.118229
39 ; 79 ; 11.047998
39 ; 80 ; 4.444785
39 ; 81 ; 17.160484
39 ; 82 ; 4.036868
39 ; 83 ; 5.800001
39 ; 84 ; 13.850598
39 ; 85 ; 7.373261
39 ; 86 ; 2.686641
39 ; 87 ; 8.852064
39 ; 88 ; 5.818532
39 ; 89 ; 3.758417
39 ; 90 ; 5.350605
39 ; 91 ; 1.301989
39 ; 92 ; 0.691277
39 ; 93 ; 4.678056
39 ; 94 ; 0.278625
39 ; 95 ; 1.918798
39 ; 96 ; 3.092014
39 ; 97 ; 3.270759
39 ; 98 ; 8.602949
39 ; 99 ; 11.266847
40 ; 0 ; 1.351131
40 ; 1 ; 2.668133
40 ; 2 ; 1.708277
40 ; 3 ; 6.868243
40 ; 4 ; 33.931297
40 ; 5 ; 1.318448
40 ; 6 ; 3.273108
40 ; 7 ; 5.235374
40 ; 8 ; 4.982322
40 ; 9 ; 0.147577
40 ; 10 ; 10.686013
40 ; 11 ; 2.935608
40 ; 12 ; 0.006871
40 ; 13 ; 0.289285
40 ; 14 ; 2.448239
40 ; 15 ; 0.873635
40 ; 16 ; 1.680652
40 ; 17 ; 9.420964
40 ; 18 ; 0.154340
40 ; 19 ; 1.934725
40 ; 20 ; 0.490869
40 ; 21 ; 10.330364
40 ; 22 ; 5.268090
40 ; 23 ; 4.448498
40 ; 24 ; 8.658682
40 ; 25 ; 0.139411
40 ; 26 ; 1.941471
40 ; 27 ; 2.071390
40 ; 28 ; 1.215044
40 ; 29 ; 2.653324
40 ; 30 ; 0.054775
40 ; 31 ; 0.859661
40 ; 32 ; 9.997218
40 ; 33 ; 9.781086
40 ; 34 ; 0.974226
40 ; 35 ; 4.455933
40 ; 36 ; 5.511100
40 ; 37 ; 3.301083
40 ; 38 ; 2.495018
40 ; 39 ; 4.378412
40 ; 40 ; 7.880175
40 ; 41 ; 6.036219
40 ; 42 ; 1.257640
40 ; 43 ; 9.685951
40 ; 44 ; 0.340639
40 ; 45 ; 7.239060
40 ; 46 ; 2.205012
40 ; 47 ; 1.842338
40 ; 48 ; 5.174442
40 ; 49 ; 2.958167
40 ; 50 ; 15.093967
40 ; 51 ; 0.959229
40 ; 52 ; 2.479961
40 ; 53 ; 1.690058
40 ; 54 ; 9.391927
40 ; 55 ; 1.595111
40 ; 56 ; 2.174982
40 ; 57 ; 0.658619
40 ; 58 ; 14.838282
40 ; 59 ; 8.204836
40 ; 60 ; 3.468330
40 ; 61 ; 1.919694
40 ; 62 ; 4.059155
40 ; 63 ; 0.422823
40 ; 64 ; 2.163678
40 ; 65 ; 9.115185
40 ; 66 ; 3.273695
40 ; 67 ; 14.118229
40 ; 68 ; 11.047998
40 ; 69 ; 4.444785
40 ; 70 ; 17.160484
40 ; 71 ; 4.036868
40 ; 72 ; 5.800001
40 ; 73 ; 13.850598
40 ; 74 ; 7.373261
40 ; 75 ; 2.686641
40 ; 76 ; 8.852064
40 ; 77 ; 5.818532
40 ; 78 ; 3.758417
40 ; 79 ; 5.350605
40 ; 80 ; 1.301989
40 ; 81 ; 0.691277
40 ; 82 ; 4.678056
40 ; 83 ; 0.278625
40 ; 84 ; 1.918798
40 ; 85 ; 3.092014
40 ; 86 ; 3.270759
40 ; 87 ; 8.602949
40 ; 88 ; 11.266847
40 ; 89 ; 0.617877
40 ; 90 ; 2.756858
40 ; 91 ; 10.186700
40 ; 92 ; 1.716659
40 ; 93 ; 5.413735
40 ; 94 ; 2.739937
40 ; 95 ; 6.021441
40 ; 96 ; 0.819951
40 ; 97 ; 3.932256
40 ; 98 ; 8.364851
40 ; 99 ; 0.539076
41 ; 0 ; 2.935608
41 ; 1 ; 0.006871
41 ; 2 ; 0.289285
41 ; 3 ; 2.448239
41 ; 4 ; 0.873635
41 ; 5 ; 1.680652
41 ; 6 ; 9.420964
41 ; 7 ; 0.154340
41 ; 8 ; 1.934725
41 ; 9 ; 0.490869
41 ; 10 ; 10.330364
41 ; 11 ; 5.268090
41 ; 12 ; 4.448498
41 ; 13 ; 8.658682
41 ; 14 ; 0.139411
41 ; 15 ; 1.941471
41 ; 16 ; 2.071390
41 ; 17 ; 1.215044
41 ; 18 ; 2.653324
41 ; 19 ; 0.054775
41 ; 20 ; 0.859661
41 ; 21 ; 9.997218
41 ; 22 ; 9.781086
41 ; 23 ; 0.974226
41 ; 24 ; 4.455933
41 ; 25 ; 5.511100
41 ; 26 ; 3.301083
41 ; 27 ; 2.495018
41 ; 28 ; 4.378412
41 ; 29 ; 7.880175
41 ; 30 ; 6.036219
41 ; 31 ; 1.257640
41 ; 32 ; 9.685951
41 ; 33 ; 0.340639
41 ; 34 ; 7.239060
41 ; 35 ; 2.205012
41 ; 36 ; 1.842338
41 ; 37 ; 5.174442
41 ; 38 ; 2.958167
41 ; 39 ; 15.093967
41 ; 40 ; 0.959229
41 ; 41 ; 2.479961
41 ; 42 ; 1.690058
41 ; 43 ; 9.391927
41 ; 44 ; 1.595111
41 ; 45 ; 2.174982
41 ; 46 ; 0.658619
41 ; 47 ; 14.838282
41 ; 48 ; 8.204836
41 ; 49 ; 3.468330
41 ; 50 ; 1.919694
41 ; 51 ; 4.059155
41 ; 52 ; 0.422823
41 ; 53 ; 2.163678
41 ; 54 ; 9.115185
41 ; 55 ; 3.273695
41 ; 56 ; 14.118229
41 ; 57 ; 11.047998
41 ; 58 ; 4.444785
41 ; 59 ; 17.160484
41 ; 60 ; 4.036868
41 ; 61 ; 5.800001
41 ; 62 ; 13.850598
41 ; 63 ; 7.373261
41 ; 64 ; 2.686641
41 ; 65 ; 8.852064
41 ; 66 ; 5.818532
41 ; 67 ; 3.758417
41 ; 68 ; 5.350605
41 ; 69 ; 1.301989
41 ; 70 ; 0.691277
41 ; 71 ; 4.678056
41 ; 72 ; 0.278625
41 ; 73 ; 1.918798
41 ; 74 ; 3.092014
41 ; 75 ; 3.270759
41 ; 76 ; 8.602949
41 ; 77 ; 11.266847
41 ; 78 ; 0.617877
41 ; 79 ; 2.756858
41 ; 80 ; 10.186700
41 ; 81 ; 1.716659
41 ; 82 ; 5.413735
41 ; 83 ; 2.739937
41 ; 84 ; 6.021441
41 ; 85 ; 0.819951
41 ; 86 ; 3.932256
41 ; 87 ; 8.364851
41 ; 88 ; 0.539076
41 ; 89 ; 6.089058
41 ; 90 ; 1.057425
41 ; 91 ; 3.566385
41 ; 92 ; 3.008045
41 ; 93 ; 6.277184
41 ; 94 ; 7.793852
41 ; 95 ; 0.424816
41 ; 96 ; 9.204778
41 ; 97 ; 4.695199
41 ; 98 ; 8.137573
41 ; 99 ; 1.851611
42 ; 0 ; 5.268090
42 ; 1 ; 4.448498
42 ; 2 ; 8.658682
42 ; 3 ; 0.139411
42 ; 4 ; 1.941471
42 ; 5 ; 2.071390
42 ; 6 ; 1.215044
42 ; 7 ; 2.653324
42 ; 8 ; 0.054775
42 ; 9 ; 0.859661
42 ; 10 ; 9.997218
42 ; 11 ; 9.781086
42 ; 12 ; 0.974226
42 ; 13 ; 4.455933
42 ; 14 ; 5.511100
42 ; 15 ; 3.301083
42 ; 16 ; 2.495018
42 ; 17 ; 4.378412
42 ; 18 ; 7.880175
42 ; 19 ; 6.036219
42 ; 20 ; 1.257640
42 ; 21 ; 9.685951
42 ; 22 ; 0.340639
42 ; 23 ; 7.239060
42 ; 24 ; 2.205012
42 ; 25 ; 1.842338
42 ; 26 ; 5.174442
42 ; 27 ; 2.958167
42 ; 28 ; 15.093967
42 ; 29 ; 0.959229
42 ; 30 ; 2.479961
42 ; 31 ; 1.690058
42 ; 32 ; 9.391927
42 ; 33 ; 1.595111
42 ; 34 ; 2.174982
42 ; 35 ; 0.658619
42 ; 36 ; 14.838282
42 ; 37 ; 8.204836
42 ; 38 ; 3.468330
42 ; 39 ; 1.919694
42 ; 40 ; 4.059155
42 ; 41 ; 0.422823
42 ; 42 ; 2.163678
42 ; 43 ; 9.115185
42 ; 44 ; 3.273695
42 ; 45 ; 14.118229
42 ; 46 ; 11.047998
42 ; 47 ; 4.444785
42 ; 48 ; 17.160484
42 ; 49 ; 4.036868
42 ; 50 ; 5.800001
42 ; 51 ; 13.850598
42 ; 52 ; 7.373261
42 ; 53 ; 2.686641
42 ; 54 ; 8.852064
42 ; 55 ; 5.818532
42 ; 56 ; 3.758417
42 ; 57 ; 5.350605
42 ; 58 ; 1.301989
42 ; 59 ; 0.691277
42 ; 60 ; 4.678056
42 ; 61 ; 0.278625
42 ; 62 ; 1.918798
42 ; 63 ; 3.092014
42 ; 64 ; 3.270759
42 ; 65 ; 8.602949
42 ; 66 ; 11.266847
42 ; 67 ; 0.617877
42 ; 68 ; 2.756858
42 ; 69 ; 10.186700
42 ; 70 ; 1.716659
42 ; 71 ; 5.413735
42 ; 72 ; 2.739937
42 ; 73 ; 6.021441
42 ; 74 ; 0.819951
42 ; 75 ; 3.932256
42 ; 76 ; 8.364851
42 ; 77 ; 0.539076
42 ; 78 ; 6.089058
42 ; 79 ; 1.057425
42 ; 80 ; 3.566385
42 ; 81 ; 3.008045
42 ; 82 ; 6.277184
42 ; 83 ; 7.793852
42 ; 84 ; 0.424816
42 ; 85 ; 9.204778
42 ; 86 ; 4.695199
42 ; 87 ; 8.137573
42 ; 88 ; 1.851611
42 ; 89 ; 1.726133
42 ; 90 ; 15.786222
42 ; 91 ; 0.814381
42 ; 92 ; 4.753688
42 ; 93 ; 7.320863
42 ; 94 ; 0.855676
42 ; 95 ; 3.107331
42 ; 96 ; 3.789904
42 ; 97 ; 5.595424
42 ; 98 ; 7.920925
42 ; 99 ; 3.635996
43 ; 0 ; 9.781086
43 ; 1 ; 0.974226
43 ; 2 ; 4.455933
43 ; 3 ; 5.511100
43 ; 4 ; 3.301083
43 ; 5 ; 2.495018
43 ; 6 ; 4.378412
43 ; 7 ; 7.880175
43 ; 8 ; 6.036219
43 ; 9 ; 1.257640
43 ; 10 ; 9.685951
43 ; 11 ; 0.340639
43 ; 12 ; 7.239060
43 ; 13 ; 2.205012
43 ; 14 ; 1.842338
43 ; 15 ; 5.174442
43 ; 16 ; 2.958167
43 ; 17 ; 15.093967
43 ; 18 ; 0.959229
43 ; 19 ; 2.479961
43 ; 20 ; 1.690058
43 ; 21 ; 9.391927
43 ; 22 ; 1.595111
43 ; 23 ; 2.174982
43 ; 24 ; 0.658619
43 ; 25 ; 14.838282
43 ; 26 ; 8.204836
43 ; 27 ; 3.468330
43 ; 28 ; 1.919694
43 ; 29 ; 4.059155
43 ; 30 ; 0.422823
43 ; 31 ; 2.163678
43 ; 32 ; 9.115185
43 ; 33 ; 3.273695
43 ; 34 ; 14.118229
43 ; 35 ; 11.047998
43 ; 36 ; 4.444785
43 ; 37 ; 17.160484
43 ; 38 ; 4.036868
43 ; 39 ; 5.800001
43 ; 40 ; 13.850598
43 ; 41 ; 7.373261
43 ; 42 ; 2.686641
43 ; 43 ; 8.852064
43 ; 44 ; 5.818532
43 ; 45 ; 3.758417
43 ; 46 ; 5.350605
43 ; 47 ; 1.301989
43 ; 48 ; 0.691277
43 ; 49 ; 4.678056
43 ; 50 ; 0.278625
43 ; 51 ; 1.918798
43 ; 52 ; 3.092014
43 ; 53 ; 3.270759
43 ; 54 ; 8.602949
43 ; 55 ; 11.266847
43 ; 56 ; 0.617877
43 ; 57 ; 2.756858
43 ; 58 ; 10.186700
43 ; 59 ; 1.716659
43 ; 60 ; 5.413735
43 ; 61 ; 2.739937
43 ; 62 ; 6.021441
43 ; 63 ; 0.819951
43 ; 64 ; 3.932256
43 ; 65 ; 8.364851
43 ; 66 ; 0.539076
43 ; 67 ; 6.089058
43 ; 68 ; 1.057425
43 ; 69 ; 3.566385
43 ; 70 ; 3.008045
43 ; 71 ; 6.277184
43 ; 72 ; 7.793852
43 ; 73 ; 0.424816
43 ; 74 ; 9.204778
43 ; 75 ; 4.695199
43 ; 76 ; 8.137573
43 ; 77 ; 1.851611
43 ; 78 ; 1.726133
43 ; 79 ; 15.786222
43 ; 80 ; 0.814381
43 ; 81 ; 4.753688
43 ; 82 ; 7.320863
43 ; 83 ; 0.855676
43 ; 84 ; 3.107331
43 ; 85 ; 3.789904
43 ; 86 ; 5.595424
43 ; 87 ; 7.920925
43 ; 88 ; 3.635996
43 ; 89 ; 10.592475
43 ; 90 ; 6.441027
43 ; 91 ; 7.819301
43 ; 92 ; 7.458664
43 ; 93 ; 8.642326
43 ; 94 ; 3.721986
43 ; 95 ; 9.297966
43 ; 96 ; 1.251365
43 ; 97 ; 6.694116
43 ; 98 ; 7.712562
43 ; 99 ; 6.437154
44 ; 0 ; 0.340639
44 ; 1 ; 7.239060
44 ; 2 ; 2.205012
44 ; 3 ; 1.842338
44 ; 4 ; 5.174442
44 ; 5 ; 2.958167
44 ; 6 ; 15.093967
44 ; 7 ; 0.959229
44 ; 8 ; 2.479961
44 ; 9 ; 1.690058
44 ; 10 ; 9.391927
44 ; 11 ; 1.595111
44 ; 12 ; 2.174982
44 ; 13 ; 0.658619
44 ; 14 ; 14.838282
44 ; 15 ; 8.204836
44 ; 16 ; 3.468330
44 ; 17 ; 1.919694
44 ; 18 ; 4.059155
44 ; 19 ; 0.422823
44 ; 20 ; 2.163678
44 ; 21 ; 9.115185
44 ; 22 ; 3.273695
44 ; 23 ; 14.118229
44 ; 24 ; 11.047998
44 ; 25 ; 4.444785
44 ; 26 ; 17.160484
44 ; 27 ; 4.036868
44 ; 28 ; 5.800001
44 ; 29 ; 13.850598
44 ; 30 ; 7.373261
44 ; 31 ; 2.686641
44 ; 32 ; 8.852064
44 ; 33 ; 5.818532
44 ; 34 ; 3.758417
44 ; 35 ; 5.350605
44 ; 36 ; 1.301989
44 ; 37 ; 0.691277
44 ; 38 ; 4.678056
44 ; 39 ; 0.278625
44 ; 40 ; 1.918798
44 ; 41 ; 3.092014
44 ; 42 ; 3.270759
44 ; 43 ; 8.602949
44 ; 44 ; 11.266847
44 ; 45 ; 0.617877
44 ; 46 ; 2.756858
44 ; 47 ; 10.186700
44 ; 48 ; 1.716659
44 ; 49 ; 5.413735
44 ; 50 ; 2.739937
44 ; 51 ; 6.021441
44 ; 52 ; 0.819951
44 ; 53 ; 3.932256
44 ; 54 ; 8.364851
44 ; 55 ; 0.539076
44 ; 56 ; 6.089058
44 ; 57 ; 1.057425
44 ; 58 ; 3.566385
44 ; 59 ; 3.008045
44 ; 60 ; 6.277184
44 ; 61 ; 7.793852
44 ; 62 ; 0.424816
44 ; 63 ; 9.204778
44 ; 64 ; 4.695199
44 ; 65 ; 8.137573
44 ; 66 ; 1.851611
44 ; 67 ; 1.726133
44 ; 68 ; 15.786222
44 ; 69 ; 0.814381
44 ; 70 ; 4.753688
44 ; 71 ; 7.320863
44 ; 72 ; 0.855676
44 ; 73 ; 3.107331
44 ; 74 ; 3.789904
44 ; 75 ; 5.595424
44 ; 76 ; 7.920925
44 ; 77 ; 3.635996
44 ; 78 ; 10.592475
44 ; 79 ; 6.441027
44 ; 80 ; 7.819301
44 ; 81 ; 7.458664
44 ; 82 ; 8.642326
44 ; 83 ; 3.721986
44 ; 84 ; 9.297966
44 ; 85 ; 1.251365
44 ; 86 ; 6.694116
44 ; 87 ; 7.712562
44 ; 88 ; 6.437154
44 ; 89 ; 3.152131
44 ; 90 ; 3.376956
44 ; 91 ; 2.819488
44 ; 92 ; 13.782867
44 ; 93 ; 10.442427
44 ; 94 ; 11.160489
44 ; 95 ; 1.278485
44 ; 96 ; 12.123556
44 ; 97 ; 8.104279
44 ; 98 ; 7.513220
44 ; 99 ; 13.390237
45 ; 0 ; 1.595111
45 ; 1 ; 2.174982
45 ; 2 ; 0.658619
45 ; 3 ; 14.838282
45 ; 4 ; 8.204836
45 ; 5 ; 3.468330
45 ; 6 ; 1.919694
45 ; 7 ; 4.059155
45 ; 8 ; 0.422823
45 ; 9 ; 2.163678
45 ; 10 ; 9.115185
45 ; 11 ; 3.273695
45 ; 12 ; 14.118229
45 ; 13 ; 11.047998
45 ; 14 ; 4.444785
45 ; 15 ; 17.160484
45 ; 16 ; 4.036868
45 ; 17 ; 5.800001
45 ; 18 ; 13.850598
45 ; 19 ; 7.373261
45 ; 20 ; 2.686641
45 ; 21 ; 8.852064
45 ; 22 ; 5.818532
45 ; 23 ; 3.758417
45 ; 24 ; 5.350605
45 ; 25 ; 1.301989
45 ; 26 ; 0.691277
45 ; 27 ; 4.678056
45 ; 28 ; 0.278625
45 ; 29 ; 1.918798
45 ; 30 ; 3.092014
45 ; 31 ; 3.270759
45 ; 32 ; 8.602949
45 ; 33 ; 11.266847
45 ; 34 ; 0.617877
45 ; 35 ; 2.756858
45 ; 36 ; 10.186700
45 ; 37 ; 1.716659
45 ; 38 ; 5.413735
45 ; 39 ; 2.739937
45 ; 40 ; 6.021441
45 ; 41 ; 0.819951
45 ; 42 ; 3.932256
45 ; 43 ; 8.364851
45 ; 44 ; 0.539076
45 ; 45 ; 6.089058
45 ; 46 ; 1.057425
45 ; 47 ; 3.566385
45 ; 48 ; 3.008045
45 ; 49 ; 6.277184
45 ; 50 ; 7.793852
45 ; 51 ; 0.424816
45 ; 52 ; 9.204778
45 ; 53 ; 4.695199
45 ; 54 ; 8.137573
45 ; 55 ; 1.851611
45 ; 56 ; 1.726133
45 ; 57 ; 15.786222
45 ; 58 ; 0.814381
45 ; 59 ; 4.753688
45 ; 60 ; 7.320863
45 ; 61 ; 0.855676
45 ; 62 ; 3.107331
45 ; 63 ; 3.789904
45 ; 64 ; 5.595424
45 ; 65 ; 7.920925
45 ; 66 ; 3.635996
45 ; 67 ; 10.592475
45 ; 68 ; 6.441027
45 ; 69 ; 7.819301
45 ; 70 ; 7.458664
45 ; 71 ; 8.642326
45 ; 72 ; 3.721986
45 ; 73 ; 9.297966
45 ; 74 ; 1.251365
45 ; 75 ; 6.694116
45 ; 76 ; 7.712562
45 ; 77 ; 6.437154
45 ; 78 ; 3.152131
45 ; 79 ; 3.376956
45 ; 80 ; 2.819488
45 ; 81 ; 13.782867
45 ; 82 ; 10.442427
45 ; 83 ; 11.160489
45 ; 84 ; 1.278485
45 ; 85 ; 12.123556
45 ; 86 ; 8.104279
45 ; 87 ; 7.513220
45 ; 88 ; 13.390237
45 ; 89 ; 0.285244
45 ; 90 ; 1.491026
45 ; 91 ; 0.370129
45 ; 92 ; 0.515337
45 ; 93 ; 13.284739
45 ; 94 ; 1.507914
45 ; 95 ; 4.669896
45 ; 96 ; 4.600871
45 ; 97 ; 10.076728
45 ; 98 ; 7.320863
45 ; 99 ; 0.745715
46 ; 0 ; 3.273695
46 ; 1 ; 14.118229
46 ; 2 ; 11.047998
46 ; 3 ; 4.444785
46 ; 4 ; 17.160484
46 ; 5 ; 4.036868
46 ; 6 ; 5.800001
46 ; 7 ; 13.850598
46 ; 8 ; 7.373261
46 ; 9 ; 2.686641
46 ; 10 ; 8.852064
46 ; 11 ; 5.818532
46 ; 12 ; 3.758417
46 ; 13 ; 5.350605
46 ; 14 ; 1.301989
46 ; 15 ; 0.691277
46 ; 16 ; 4.678056
46 ; 17 ; 0.278625
46 ; 18 ; 1.918798
46 ; 19 ; 3.092014
46 ; 20 ; 3.270759
46 ; 21 ; 8.602949
46 ; 22 ; 11.266847
46 ; 23 ; 0.617877
46 ; 24 ; 2.756858
46 ; 25 ; 10.186700
46 ; 26 ; 1.716659
46 ; 27 ; 5.413735
46 ; 28 ; 2.739937
46 ; 29 ; 6.021441
46 ; 30 ; 0.819951
46 ; 31 ; 3.932256
46 ; 32 ; 8.364851
46 ; 33 ; 0.539076
46 ; 34 ; 6.089058
46 ; 35 ; 1.057425
46 ; 36 ; 3.566385
46 ; 37 ; 3.008045
46 ; 38 ; 6.277184
46 ; 39 ; 7.793852
46 ; 40 ; 0.424816
46 ; 41 ; 9.204778
46 ; 42 ; 4.695199
46 ; 43 ; 8.137573
46 ; 44 ; 1.851611
46 ; 45 ; 1.726133
46 ; 46 ; 15.786222
46 ; 47 ; 0.814381
46 ; 48 ; 4.753688
46 ; 49 ; 7.320863
46 ; 50 ; 0.855676
46 ; 51 ; 3.107331
46 ; 52 ; 3.789904
46 ; 53 ; 5.595424
46 ; 54 ; 7.920925
46 ; 55 ; 3.635996
46 ; 56 ; 10.592475
46 ; 57 ; 6.441027
46 ; 58 ; 7.819301
46 ; 59 ; 7.458664
46 ; 60 ; 8.642326
46 ; 61 ; 3.721986
46 ; 62 ; 9.297966
46 ; 63 ; 1.251365
46 ; 64 ; 6.694116
46 ; 65 ; 7.712562
46 ; 66 ; 6.437154
46 ; 67 ; 3.152131
46 ; 68 ; 3.376956
46 ; 69 ; 2.819488
46 ; 70 ; 13.782867
46 ; 71 ; 10.442427
46 ; 72 ; 11.160489
46 ; 73 ; 1.278485
46 ; 74 ; 12.123556
46 ; 75 ; 8.104279
46 ; 76 ; 7.513220
46 ; 77 ; 13.390237
46 ; 78 ; 0.285244
46 ; 79 ; 1.491026
46 ; 80 ; 0.370129
46 ; 81 ; 0.515337
46 ; 82 ; 13.284739
46 ; 83 ; 1.507914
46 ; 84 ; 4.669896
46 ; 85 ; 4.600871
46 ; 86 ; 10.076728
46 ; 87 ; 7.320863
46 ; 88 ; 0.745715
46 ; 89 ; 5.154724
46 ; 90 ; 0.124684
46 ; 91 ; 6.219153
46 ; 92 ; 1.501523
46 ; 93 ; 20.528040
46 ; 94 ; 4.945261
46 ; 95 ; 22.285030
46 ; 96 ; 1.723763
46 ; 97 ; 13.379144
46 ; 98 ; 7.136269
46 ; 99 ; 2.121751
47 ; 0 ; 5.818532
47 ; 1 ; 3.758417
47 ; 2 ; 5.350605
47 ; 3 ; 1.301989
47 ; 4 ; 0.691277
47 ; 5 ; 4.678056
47 ; 6 ; 0.278625
47 ; 7 ; 1.918798
47 ; 8 ; 3.092014
47 ; 9 ; 3.270759
47 ; 10 ; 8.602949
47 ; 11 ; 11.266847
47 ; 12 ; 0.617877
47 ; 13 ; 2.756858
47 ; 14 ; 10.186700
47 ; 15 ; 1.716659
47 ; 16 ; 5.413735
47 ; 17 ; 2.739937
47 ; 18 ; 6.021441
47 ; 19 ; 0.819951
47 ; 20 ; 3.932256
47 ; 21 ; 8.364851
47 ; 22 ; 0.539076
47 ; 23 ; 6.089058
47 ; 24 ; 1.057425
47 ; 25 ; 3.566385
47 ; 26 ; 3.008045
47 ; 27 ; 6.277184
47 ; 28 ; 7.793852
47 ; 29 ; 0.424816
47 ; 30 ; 9.204778
47 ; 31 ; 4.695199
47 ; 32 ; 8.137573
47 ; 33 ; 1.851611
47 ; 34 ; 1.726133
47 ; 35 ; 15.786222
47 ; 36 ; 0.814381
47 ; 37 ; 4.753688
47 ; 38 ; 7.320863
47 ; 39 ; 0.855676
47 ; 40 ; 3.107331
47 ; 41 ; 3.789904
47 ; 42 ; 5.595424
47 ; 43 ; 7.920925
47 ; 44 ; 3.635996
47 ; 45 ; 10.592475
47 ; 46 ; 6.441027
47 ; 47 ; 7.819301
47 ; 48 ; 7.458664
47 ; 49 ; 8.642326
47 ; 50 ; 3.721986
47 ; 51 ; 9.297966
47 ; 52 ; 1.251365
47 ; 53 ; 6.694116
47 ; 54 ; 7.712562
47 ; 55 ; 6.437154
47 ; 56 ; 3.152131
47 ; 57 ; 3.376956
47 ; 58 ; 2.819488
47 ; 59 ; 13.782867
47 ; 60 ; 10.442427
47 ; 61 ; 11.160489
47 ; 62 ; 1.278485
47 ; 63 ; 12.123556
47 ; 64 ; 8.104279
47 ; 65 ; 7.513220
47 ; 66 ; 13.390237
47 ; 67 ; 0.285244
47 ; 68 ; 1.491026
47 ; 69 ; 0.370129
47 ; 70 ; 0.515337
47 ; 71 ; 13.284739
47 ; 72 ; 1.507914
47 ; 73 ; 4.669896
47 ; 74 ; 4.600871
47 ; 75 ; 10.076728
47 ; 76 ; 7.320863
47 ; 77 ; 0.745715
47 ; 78 ; 5.154724
47 ; 79 ; 0.124684
47 ; 80 ; 6.219153
47 ; 81 ; 1.501523
47 ; 82 ; 20.528040
47 ; 83 ; 4.945261
47 ; 84 ; 22.285030
47 ; 85 ; 1.723763
47 ; 86 ; 13.379144
47 ; 87 ; 7.136269
47 ; 88 ; 2.121751
47 ; 89 ; 1.314279
47 ; 90 ; 7.838290
47 ; 91 ; 2.169798
47 ; 92 ; 2.731234
47 ; 93 ; 0.189559
47 ; 94 ; 27.349617
47 ; 95 ; 2.308291
47 ; 96 ; 19.992910
47 ; 97 ; 27.102219
47 ; 98 ; 6.957633
47 ; 99 ; 4.026956
48 ; 0 ; 11.266847
48 ; 1 ; 0.617877
48 ; 2 ; 2.756858
48 ; 3 ; 10.186700
48 ; 4 ; 1.716659
48 ; 5 ; 5.413735
48 ; 6 ; 2.739937
48 ; 7 ; 6.021441
48 ; 8 ; 0.819951
48 ; 9 ; 3.932256
48 ; 10 ; 8.364851
48 ; 11 ; 0.539076
48 ; 12 ; 6.089058
48 ; 13 ; 1.057425
48 ; 14 ; 3.566385
48 ; 15 ; 3.008045
48 ; 16 ; 6.277184
48 ; 17 ; 7.793852
48 ; 18 ; 0.424816
48 ; 19 ; 9.204778
48 ; 20 ; 4.695199
48 ; 21 ; 8.137573
48 ; 22 ; 1.851611
48 ; 23 ; 1.726133
48 ; 24 ; 15.786222
48 ; 25 ; 0.814381
48 ; 26 ; 4.753688
48 ; 27 ; 7.320863
48 ; 28 ; 0.855676
48 ; 29 ; 3.107331
48 ; 30 ; 3.789904
48 ; 31 ; 5.595424
48 ; 32 ; 7.920925
48 ; 33 ; 3.635996
48 ; 34 ; 10.592475
48 ; 35 ; 6.441027
48 ; 36 ; 7.819301
48 ; 37 ; 7.458664
48 ; 38 ; 8.642326
48 ; 39 ; 3.721986
48 ; 40 ; 9.297966
48 ; 41 ; 1.251365
48 ; 42 ; 6.694116
48 ; 43 ; 7.712562
48 ; 44 ; 6.437154
48 ; 45 ; 3.152131
48 ; 46 ; 3.376956
48 ; 47 ; 2.819488
48 ; 48 ; 13.782867
48 ; 49 ; 10.442427
48 ; 50 ; 11.160489
48 ; 51 ; 1.278485
48 ; 52 ; 12.123556
48 ; 53 ; 8.104279
48 ; 54 ; 7.513220
48 ; 55 ; 13.390237
48 ; 56 ; 0.285244
48 ; 57 ; 1.491026
48 ; 58 ; 0.370129
48 ; 59 ; 0.515337
48 ; 60 ; 13.284739
48 ; 61 ; 1.507914
48 ; 62 ; 4.669896
48 ; 63 ; 4.600871
48 ; 64 ; 10.076728
48 ; 65 ; 7.320863
48 ; 66 ; 0.745715
48 ; 67 ; 5.154724
48 ; 68 ; 0.124684
48 ; 69 ; 6.219153
48 ; 70 ; 1.501523
48 ; 71 ; 20.528040
48 ; 72 ; 4.945261
48 ; 73 ; 22.285030
48 ; 74 ; 1.723763
48 ; 75 ; 13.379144
48 ; 76 ; 7.136269
48 ; 77 ; 2.121751
48 ; 78 ; 1.314279
48 ; 79 ; 7.838290
48 ; 80 ; 2.169798
48 ; 81 ; 2.731234
48 ; 82 ; 0.189559
48 ; 83 ; 27.349617
48 ; 84 ; 2.308291
48 ; 85 ; 19.992910
48 ; 86 ; 27.102219
48 ; 87 ; 6.957633
48 ; 88 ; 4.026956
48 ; 89 ; 8.546145
48 ; 90 ; 4.084994
48 ; 91 ; 24.418743
48 ; 92 ; 4.365608
48 ; 93 ; 0.476414
48 ; 94 ; 2.258422
48 ; 95 ; 6.954566
48 ; 96 ; 5.569326
48 ; 97 ; 0.309212
48 ; 98 ; 6.785753
48 ; 99 ; 7.143268
49 ; 0 ; 0.539076
49 ; 1 ; 6.089058
49 ; 2 ; 1.057425
49 ; 3 ; 3.566385
49 ; 4 ; 3.008045
49 ; 5 ; 6.277184
49 ; 6 ; 7.793852
49 ; 7 ; 0.424816
49 ; 8 ; 9.204778
49 ; 9 ; 4.695199
49 ; 10 ; 8.137573
49 ; 11 ; 1.851611
49 ; 12 ; 1.726133
49 ; 13 ; 15.786222
49 ; 14 ; 0.814381
49 ; 15 ; 4.753688
49 ; 16 ; 7.320863
49 ; 17 ; 0.855676
49 ; 18 ; 3.107331
49 ; 19 ; 3.789904
49 ; 20 ; 5.595424
49 ; 21 ; 7.920925
49 ; 22 ; 3.635996
49 ; 23 ; 10.592475
49 ; 24 ; 6.441027
49 ; 25 ; 7.819301
49 ; 26 ; 7.458664
49 ; 27 ; 8.642326
49 ; 28 ; 3.721986
49 ; 29 ; 9.297966
49 ; 30 ; 1.251365
49 ; 31 ; 6.694116
49 ; 32 ; 7.712562
49 ; 33 ; 6.437154
49 ; 34 ; 3.152131
49 ; 35 ; 3.376956
49 ; 36 ; 2.819488
49 ; 37 ; 13.782867
49 ; 38 ; 10.442427
49 ; 39 ; 11.160489
49 ; 40 ; 1.278485
49 ; 41 ; 12.123556
49 ; 42 ; 8.104279
49 ; 43 ; 7.513220
49 ; 44 ; 13.390237
49 ; 45 ; 0.285244
49 ; 46 ; 1.491026
49 ; 47 ; 0.370129
49 ; 48 ; 0.515337
49 ; 49 ; 13.284739
49 ; 50 ; 1.507914
49 ; 51 ; 4.669896
49 ; 52 ; 4.600871
49 ; 53 ; 10.076728
49 ; 54 ; 7.320863
49 ; 55 ; 0.745715
49 ; 56 ; 5.154724
49 ; 57 ; 0.124684
49 ; 58 ; 6.219153
49 ; 59 ; 1.501523
49 ; 60 ; 20.528040
49 ; 61 ; 4.945261
49 ; 62 ; 22.285030
49 ; 63 ; 1.723763
49 ; 64 ; 13.379144
49 ; 65 ; 7.136269
49 ; 66 ; 2.121751
49 ; 67 ; 1.314279
49 ; 68 ; 7.838290
49 ; 69 ; 2.169798
49 ; 70 ; 2.731234
49 ; 71 ; 0.189559
49 ; 72 ; 27.349617
49 ; 73 ; 2.308291
49 ; 74 ; 19.992910
49 ; 75 ; 27.102219
49 ; 76 ; 6.957633
49 ; 77 ; 4.026956
49 ; 78 ; 8.546145
49 ; 79 ; 4.084994
49 ; 80 ; 24.418743
49 ; 81 ; 4.365608
49 ; 82 ; 0.476414
49 ; 83 ; 2.258422
49 ; 84 ; 6.954566
49 ; 85 ; 5.569326
49 ; 86 ; 0.309212
49 ; 87 ; 6.785753
49 ; 88 ; 7.143268
49 ; 89 ; 2.611475
49 ; 90 ; 1.965603
49 ; 91 ; 5.008845
49 ; 92 ; 6.809524
49 ; 93 ; 0.780911
49 ; 94 ; 6.568240
49 ; 95 ; 0.710764
49 ; 96 ; 2.245255
49 ; 97 ; 0.664366
49 ; 98 ; 6.619013
49 ; 99 ; 17.155766
